"TOA5","GENX","CR1000","56463","CR1000.Std.32.05","CPU:GENXv2 modbus.CR1","58815","RedoxSWAP"
"TIMESTAMP","RECORD","Redox5cm","Redox25cm","Redox45cm","Redox65cm","Temp50cm"
"TS","RN","mv","mv","mv","mv","Celcius"
"","","Smp","Smp","Smp","Smp","Smp"
"2021-09-30 16:15:00",0,-675.4,-716,-719,-724.7,19.4
"2021-09-30 16:30:00",1,-675.9,-715.4,-718.4,-724.4,19.5
"2021-09-30 16:45:00",2,-681.1,-720.2,-723.3,-729.8,19.5
"2021-09-30 17:00:00",3,-677.8,-718,-720,-728.3,19.5
"2021-09-30 17:15:00",4,-682.7,-724.5,-725.3,-734.3,19.5
"2021-09-30 17:30:00",5,-684.2,-726.7,-726.5,-735.1,19.5
"2021-09-30 17:45:00",6,-681.6,-724.2,-724.3,-731.9,19.5
"2021-09-30 18:00:00",7,-681.9,-724.4,-725.4,-732.5,19.5
"2021-09-30 18:15:00",8,-682.8,-724.7,-726.6,-732.9,19.5
"2021-09-30 18:30:00",9,-678.3,-719.1,-721.9,-727.7,19.5
"2021-09-30 18:45:00",10,-688.7,-728.1,-730.7,-736,19.5
"2021-09-30 19:00:00",11,-685,-721.4,-723.8,-727.8,19.5
"2021-09-30 19:15:00",12,-686.9,-723.9,-726,-729.2,19.5
"2021-09-30 19:30:00",13,-683.1,-720.3,-723,-745.9,19.5
"2021-09-30 19:45:00",14,-690.4,-727.4,-731.2,-761.2,19.4
"2021-09-30 20:00:00",15,-682.7,-719.1,-723.8,-754.1,19.4
"2021-09-30 20:15:00",16,-695.4,-731.1,-737,-765.3,19.4
"2021-09-30 20:30:00",17,-693.2,-728.7,-734.3,-762,19.4
"2021-09-30 20:45:00",18,-697.6,-733.9,-739.3,-766.5,19.4
"2021-09-30 21:00:00",19,-691.5,-728.8,-734,-768.9,19.4
"2021-09-30 21:15:00",20,-697.9,-736,-740.5,-771.9,19.4
"2021-09-30 21:30:00",21,-690.7,-729.1,-732.9,-759.9,19.4
"2021-09-30 21:45:00",22,-697.5,-736.3,-739.3,-761.9,19.4
"2021-09-30 22:00:00",23,-693.8,-732.6,-735,-752.6,19.4
"2021-09-30 22:15:00",24,-697.2,-737.8,-739.8,-754.9,19.4
"2021-09-30 22:30:00",25,-691.8,-733.6,-736,-748.1,19.4
"2021-09-30 22:45:00",26,-702.8,-744.8,-747.9,-757,19.4
"2021-09-30 23:00:00",27,-690.2,-732.3,-735.2,-742.2,19.4
"2021-09-30 23:15:00",28,-701.8,-743.9,-746.8,-751.9,19.4
"2021-09-30 23:30:00",29,-696.3,-737.8,-741.2,-747.3,19.4
"2021-09-30 23:45:00",30,-704.2,-745.4,-749.6,-771.7,19.4
"2021-10-01 00:00:00",31,-701.6,-742.7,-747.1,-767,19.4
"2021-10-01 00:15:00",32,-709.3,-750.7,-754.9,-768.1,19.4
"2021-10-01 00:30:00",33,-705.4,-746.7,-751.1,-762,19.4
"2021-10-01 00:45:00",34,-712.7,-756.1,-759,-765.9,19.4
"2021-10-01 01:00:00",35,-705.7,-751.3,-752.1,-756.4,19.4
"2021-10-01 01:15:00",36,-714.9,-761.1,-761.5,-763.5,19.4
"2021-10-01 01:30:00",37,-710.1,-756.1,-756.7,-756.9,19.4
"2021-10-01 01:45:00",38,-717,-761.7,-764.2,-762.7,19.3
"2021-10-01 02:00:00",39,-707.1,-751.1,-754.5,-752,19.3
"2021-10-01 02:15:00",40,-714.6,-757.9,-762.1,-759.5,19.3
"2021-10-01 02:30:00",41,-708.1,-749.7,-754.4,-753.1,19.3
"2021-10-01 02:45:00",42,-717.3,-757.7,-763,-763.3,19.3
"2021-10-01 03:00:00",43,-711.6,-751.2,-757.3,-759.4,19.3
"2021-10-01 03:15:00",44,-719.4,-758.6,-765,-769.6,19.3
"2021-10-01 03:30:00",45,-713.2,-752,-759,-766.4,19.3
"2021-10-01 03:45:00",46,-719.8,-758.6,-765.5,-772.5,19.3
"2021-10-01 04:00:00",47,-713.6,-752.4,-759,-764.3,19.3
"2021-10-01 04:15:00",48,-722,-757.9,-765,-767.9,19.3
"2021-10-01 04:30:00",49,-713.5,-750.1,-757.7,-758.5,19.3
"2021-10-01 04:45:00",50,-722.4,-759,-767.4,-765.8,19.3
"2021-10-01 05:00:00",51,-714.2,-750.2,-758.8,-756.2,19.3
"2021-10-01 05:15:00",52,-724.6,-760.3,-769,-770.2,19.3
"2021-10-01 05:30:00",53,-717.5,-753.1,-761.9,-764.4,19.3
"2021-10-01 05:45:00",54,-726,-762,-771.6,-773.7,19.3
"2021-10-01 06:00:00",55,-716.1,-752.1,-761.6,-765.1,19.3
"2021-10-01 06:15:00",56,-728.5,-764.3,-773.1,-778,19.3
"2021-10-01 06:30:00",57,-720.7,-756.2,-764.8,-770.6,19.3
"2021-10-01 06:45:00",58,-730.5,-765.7,-775,-779.8,19.3
"2021-10-01 07:00:00",59,-730.8,-765.9,-775,-781.3,19.3
"2021-10-01 07:15:00",60,-741.9,-776.6,-785.7,-790.3,19.3
"2021-10-01 07:30:00",61,-732.7,-767.1,-775.9,-779.1,19.2
"2021-10-01 07:45:00",62,-738.7,-773,-781.6,-783.7,19.3
"2021-10-01 08:00:00",63,-728.5,-762.9,-771.5,-771.7,19.2
"2021-10-01 08:15:00",64,-733.9,-768.2,-776.4,-775.9,19.2
"2021-10-01 08:30:00",65,-717.9,-752,-760.4,-759.7,19.2
"2021-10-01 08:45:00",66,-706,-739.7,-747.6,-759.3,19.2
"2021-10-01 09:00:00",67,-696.6,-730.6,-738.8,-761.6,19.2
"2021-10-01 09:15:00",68,-707.5,-741.2,-749.2,-775.4,19.2
"2021-10-01 09:30:00",69,-702.1,-735.1,-742,-772.2,19.2
"2021-10-01 09:45:00",70,-707.3,-739.7,-746.2,-775.8,19.2
"2021-10-01 10:00:00",71,-694.7,-726.8,-732.9,-762.8,19.2
"2021-10-01 10:15:00",72,-713.1,-744.9,-751.1,-778.1,19.2
"2021-10-01 10:30:00",73,-697.3,-728.5,-734.7,-758.6,19.2
"2021-10-01 10:45:00",74,-704.9,-735.9,-741.9,-761,19.2
"2021-10-01 11:00:00",75,-693.5,-724.3,-729,-745.4,19.2
"2021-10-01 11:15:00",76,-702.3,-732.9,-737.3,-752.1,19.2
"2021-10-01 11:30:00",77,-694.9,-725.2,-729.2,-742.7,19.2
"2021-09-30 16:15:00",0,-675.4,-716,-719,-724.7,19.4
"2021-09-30 16:30:00",1,-675.9,-715.4,-718.4,-724.4,19.5
"2021-09-30 16:45:00",2,-681.1,-720.2,-723.3,-729.8,19.5
"2021-09-30 17:00:00",3,-677.8,-718,-720,-728.3,19.5
"2021-09-30 17:15:00",4,-682.7,-724.5,-725.3,-734.3,19.5
"2021-09-30 17:30:00",5,-684.2,-726.7,-726.5,-735.1,19.5
"2021-09-30 17:45:00",6,-681.6,-724.2,-724.3,-731.9,19.5
"2021-09-30 18:00:00",7,-681.9,-724.4,-725.4,-732.5,19.5
"2021-09-30 18:15:00",8,-682.8,-724.7,-726.6,-732.9,19.5
"2021-09-30 18:30:00",9,-678.3,-719.1,-721.9,-727.7,19.5
"2021-09-30 18:45:00",10,-688.7,-728.1,-730.7,-736,19.5
"2021-09-30 19:00:00",11,-685,-721.4,-723.8,-727.8,19.5
"2021-09-30 19:15:00",12,-686.9,-723.9,-726,-729.2,19.5
"2021-09-30 19:30:00",13,-683.1,-720.3,-723,-745.9,19.5
"2021-09-30 19:45:00",14,-690.4,-727.4,-731.2,-761.2,19.4
"2021-09-30 20:00:00",15,-682.7,-719.1,-723.8,-754.1,19.4
"2021-09-30 20:15:00",16,-695.4,-731.1,-737,-765.3,19.4
"2021-09-30 20:30:00",17,-693.2,-728.7,-734.3,-762,19.4
"2021-09-30 20:45:00",18,-697.6,-733.9,-739.3,-766.5,19.4
"2021-09-30 21:00:00",19,-691.5,-728.8,-734,-768.9,19.4
"2021-09-30 21:15:00",20,-697.9,-736,-740.5,-771.9,19.4
"2021-09-30 21:30:00",21,-690.7,-729.1,-732.9,-759.9,19.4
"2021-09-30 21:45:00",22,-697.5,-736.3,-739.3,-761.9,19.4
"2021-09-30 22:00:00",23,-693.8,-732.6,-735,-752.6,19.4
"2021-09-30 22:15:00",24,-697.2,-737.8,-739.8,-754.9,19.4
"2021-09-30 22:30:00",25,-691.8,-733.6,-736,-748.1,19.4
"2021-09-30 22:45:00",26,-702.8,-744.8,-747.9,-757,19.4
"2021-09-30 23:00:00",27,-690.2,-732.3,-735.2,-742.2,19.4
"2021-09-30 23:15:00",28,-701.8,-743.9,-746.8,-751.9,19.4
"2021-09-30 23:30:00",29,-696.3,-737.8,-741.2,-747.3,19.4
"2021-09-30 23:45:00",30,-704.2,-745.4,-749.6,-771.7,19.4
"2021-10-01 00:00:00",31,-701.6,-742.7,-747.1,-767,19.4
"2021-10-01 00:15:00",32,-709.3,-750.7,-754.9,-768.1,19.4
"2021-10-01 00:30:00",33,-705.4,-746.7,-751.1,-762,19.4
"2021-10-01 00:45:00",34,-712.7,-756.1,-759,-765.9,19.4
"2021-10-01 01:00:00",35,-705.7,-751.3,-752.1,-756.4,19.4
"2021-10-01 01:15:00",36,-714.9,-761.1,-761.5,-763.5,19.4
"2021-10-01 01:30:00",37,-710.1,-756.1,-756.7,-756.9,19.4
"2021-10-01 01:45:00",38,-717,-761.7,-764.2,-762.7,19.3
"2021-10-01 02:00:00",39,-707.1,-751.1,-754.5,-752,19.3
"2021-10-01 02:15:00",40,-714.6,-757.9,-762.1,-759.5,19.3
"2021-10-01 02:30:00",41,-708.1,-749.7,-754.4,-753.1,19.3
"2021-10-01 02:45:00",42,-717.3,-757.7,-763,-763.3,19.3
"2021-10-01 03:00:00",43,-711.6,-751.2,-757.3,-759.4,19.3
"2021-10-01 03:15:00",44,-719.4,-758.6,-765,-769.6,19.3
"2021-10-01 03:30:00",45,-713.2,-752,-759,-766.4,19.3
"2021-10-01 03:45:00",46,-719.8,-758.6,-765.5,-772.5,19.3
"2021-10-01 04:00:00",47,-713.6,-752.4,-759,-764.3,19.3
"2021-10-01 04:15:00",48,-722,-757.9,-765,-767.9,19.3
"2021-10-01 04:30:00",49,-713.5,-750.1,-757.7,-758.5,19.3
"2021-10-01 04:45:00",50,-722.4,-759,-767.4,-765.8,19.3
"2021-10-01 05:00:00",51,-714.2,-750.2,-758.8,-756.2,19.3
"2021-10-01 05:15:00",52,-724.6,-760.3,-769,-770.2,19.3
"2021-10-01 05:30:00",53,-717.5,-753.1,-761.9,-764.4,19.3
"2021-10-01 05:45:00",54,-726,-762,-771.6,-773.7,19.3
"2021-10-01 06:00:00",55,-716.1,-752.1,-761.6,-765.1,19.3
"2021-10-01 06:15:00",56,-728.5,-764.3,-773.1,-778,19.3
"2021-10-01 06:30:00",57,-720.7,-756.2,-764.8,-770.6,19.3
"2021-10-01 06:45:00",58,-730.5,-765.7,-775,-779.8,19.3
"2021-10-01 07:00:00",59,-730.8,-765.9,-775,-781.3,19.3
"2021-10-01 07:15:00",60,-741.9,-776.6,-785.7,-790.3,19.3
"2021-10-01 07:30:00",61,-732.7,-767.1,-775.9,-779.1,19.2
"2021-10-01 07:45:00",62,-738.7,-773,-781.6,-783.7,19.3
"2021-10-01 08:00:00",63,-728.5,-762.9,-771.5,-771.7,19.2
"2021-10-01 08:15:00",64,-733.9,-768.2,-776.4,-775.9,19.2
"2021-10-01 08:30:00",65,-717.9,-752,-760.4,-759.7,19.2
"2021-10-01 08:45:00",66,-706,-739.7,-747.6,-759.3,19.2
"2021-10-01 09:00:00",67,-696.6,-730.6,-738.8,-761.6,19.2
"2021-10-01 09:15:00",68,-707.5,-741.2,-749.2,-775.4,19.2
"2021-10-01 09:30:00",69,-702.1,-735.1,-742,-772.2,19.2
"2021-10-01 09:45:00",70,-707.3,-739.7,-746.2,-775.8,19.2
"2021-10-01 10:00:00",71,-694.7,-726.8,-732.9,-762.8,19.2
"2021-10-01 10:15:00",72,-713.1,-744.9,-751.1,-778.1,19.2
"2021-10-01 10:30:00",73,-697.3,-728.5,-734.7,-758.6,19.2
"2021-10-01 10:45:00",74,-704.9,-735.9,-741.9,-761,19.2
"2021-10-01 11:00:00",75,-693.5,-724.3,-729,-745.4,19.2
"2021-10-01 11:15:00",76,-702.3,-732.9,-737.3,-752.1,19.2
"2021-10-01 11:30:00",77,-694.9,-725.2,-729.2,-742.7,19.2
"2021-10-01 11:45:00",78,-693.5,-723.8,-727,-738.9,19.1
"2021-10-01 12:00:00",79,-694.2,-723.8,-727.5,-737,19.2
"2021-10-01 12:15:00",80,-696.3,-725.6,-728.9,-736.7,19.2
"2021-10-01 12:30:00",81,-712,-740,-743.1,-749.6,19.1
"2021-10-01 12:45:00",82,-724.1,-751.4,-754.3,-760.3,19.1
"2021-10-01 13:00:00",83,-716.3,-743.6,-746.9,-751.8,19.2
"2021-10-01 13:15:00",84,-721.9,-748.9,-751.5,-757.4,19.2
"2021-10-01 13:30:00",85,-718.1,-744.3,-746.9,-753.2,19.2
"2021-10-01 13:45:00",86,-723.2,-749.3,-752.2,-757.5,19.1
"2021-10-01 14:00:00",87,-706.1,-731.7,-733.9,-739.8,19.1
"2021-10-01 14:15:00",88,-710.5,-735.6,-737.9,-742.8,19.1
"2021-10-01 14:30:00",89,-699.7,-724.1,-726.6,-730.4,19.1
"2021-10-01 14:45:00",90,-707.9,-732.5,-735.7,-736.9,19.2
"2021-10-01 15:00:00",91,-702.3,-726.2,-728.7,-729.5,19.1
"2021-10-01 15:15:00",92,-707.9,-731.4,-733.2,-733.6,19.1
"2021-10-01 15:30:00",93,-708.4,-731.7,-733.8,-733.1,19.3
"2021-10-01 15:45:00",94,-712.1,-734.7,-736,-736.1,19.2
"2021-10-01 16:00:00",95,-716.4,-738.9,-740,-739.6,19
"2021-10-01 16:15:00",96,-729.9,-752.8,-753.5,-752.6,19.1
"2021-10-01 16:30:00",97,-730,-752.5,-753.1,-751.9,19.1
"2021-10-01 16:45:00",98,-738.7,-761.1,-761.5,-760.2,19.1
"2021-10-01 17:00:00",99,-729.1,-751.4,-751.8,-750.1,19.1
"2021-10-01 17:15:00",100,-739.2,-761.9,-761.7,-759.8,19.1
"2021-10-01 17:30:00",101,-723.3,-745.9,-745.2,-743.7,19.1
"2021-10-01 17:45:00",102,-732.1,-754.6,-753.7,-754.3,19.1
"2021-10-01 18:00:00",103,-725.2,-747.6,-746.6,-746.2,19.1
"2021-10-01 18:15:00",104,-732.8,-754.9,-753.7,-752.9,19.1
"2021-10-01 18:30:00",105,-728.1,-750.1,-748.9,-748.5,19.1
"2021-10-01 18:45:00",106,-734.7,-756.4,-755.3,-769.3,19.1
"2021-10-01 19:00:00",107,-727.7,-749.6,-748.4,-761.5,19.1
"2021-10-01 19:15:00",108,-735.4,-757.4,-755.9,-766.7,19.1
"2021-10-01 19:30:00",109,-727.7,-749.8,-748.4,-754.9,19.1
"2021-10-01 19:45:00",110,-735,-757.3,-755.8,-760.1,19.1
"2021-10-01 20:00:00",111,-726.5,-748.7,-747.1,-750.6,19
"2021-10-01 20:15:00",112,-737.4,-760,-758.2,-760.6,19.1
"2021-10-01 20:30:00",113,-734.3,-757.2,-755.4,-756.7,19
"2021-10-01 20:45:00",114,-743,-765.8,-763.7,-764.8,19
"2021-10-01 21:00:00",115,-743.7,-766.3,-763.8,-765.3,19
"2021-10-01 21:15:00",116,-755.7,-777.6,-775.2,-776.1,19
"2021-10-01 21:30:00",117,-748.8,-771.1,-768.3,-769.6,19
"2021-10-01 21:45:00",118,-755.3,-777.7,-775.1,-775.8,19
"2021-10-01 22:00:00",119,-754.3,-774.6,-771.8,-773.3,19
"2021-10-01 22:15:00",120,-764.2,-785.9,-783,-785.5,19
"2021-10-01 22:30:00",121,-751,-773.2,-770.2,-773.9,19
"2021-10-01 22:45:00",122,-756.7,-779.1,-776.5,-780.8,19
"2021-10-01 23:00:00",123,-747.4,-769.9,-767.2,-772.3,19
"2021-10-01 23:15:00",124,-756.3,-779.1,-776.5,-781.3,19
"2021-10-01 23:30:00",125,-745.7,-768.7,-766.1,-770.1,19
"2021-10-01 23:45:00",126,-755,-778.3,-775.4,-779,19
"2021-10-02 00:00:00",127,-745.9,-769.4,-766.1,-768.8,19
"2021-10-02 00:15:00",128,-748.1,-772,-768.3,-770.3,19
"2021-10-02 00:30:00",129,-742.5,-766.5,-762.5,-763.7,19
"2021-10-02 00:45:00",130,-748.9,-773,-769,-769.9,19
"2021-10-02 01:00:00",131,-745.3,-769.4,-765.1,-765.3,18.9
"2021-10-02 01:15:00",132,-759.6,-783.3,-779.3,-778.5,19
"2021-10-02 01:30:00",133,-759.3,-782.9,-778.7,-777.5,19
"2021-10-02 01:45:00",134,-775.5,-798.7,-794.3,-793.2,18.9
"2021-10-02 02:00:00",135,-769.4,-792.2,-787.2,-785.7,18.9
"2021-10-02 02:15:00",136,-778.1,-801,-795,-793.7,18.9
"2021-10-02 02:30:00",137,-774.3,-796.6,-790.4,-789.6,18.9
"2021-10-02 02:45:00",138,-786.3,-809,-802,-802,18.9
"2021-10-02 03:00:00",139,-776.8,-798.1,-791.9,-790.9,18.9
"2021-10-02 03:15:00",140,-780.4,-801,-794.7,-794.7,18.9
"2021-10-02 03:30:00",141,-776.7,-798.6,-790.5,-791,18.9
"2021-10-02 03:45:00",142,-785.8,-808,-799,-799.8,18.9
"2021-10-02 04:00:00",143,-777.2,-799.1,-789.8,-790.8,18.9
"2021-10-02 04:15:00",144,-786,-805,-796.2,-796,18.9
"2021-10-02 04:30:00",145,-777.6,-796,-786.8,-785.8,18.9
"2021-10-02 04:45:00",146,-782.3,-801,-791.9,-790.2,18.9
"2021-10-02 05:00:00",147,-773,-792.2,-783.5,-781,18.9
"2021-10-02 05:15:00",148,-777.2,-796.7,-788,-785.9,18.9
"2021-10-02 05:30:00",149,-767,-787.1,-778.2,-781,18.9
"2021-10-02 05:45:00",150,-774.3,-795.2,-785.6,-785.1,18.9
"2021-10-02 06:00:00",151,-770.1,-791,-781.6,-779.4,18.9
"2021-10-02 06:15:00",152,-775,-796,-786.7,-783.3,18.9
"2021-10-02 06:30:00",153,-770.4,-790.9,-781.6,-778.2,18.9
"2021-10-02 06:45:00",154,-784.7,-805,-795.7,-791.4,18.9
"2021-10-02 07:00:00",155,-779.8,-800,-790.8,-785.7,18.9
"2021-10-02 07:15:00",156,-802,-823,-813,-808,18.9
"2021-10-02 07:30:00",157,-797.8,-818,-808,-802,18.9
"2021-10-02 07:45:00",158,-810,-830,-820,-814,18.9
"2021-10-02 08:00:00",159,-803,-823,-812,-807,18.9
"2021-10-02 08:15:00",160,-815,-835,-824,-818,18.8
"2021-10-02 08:30:00",161,-802,-822,-810,-805,18.9
"2021-10-02 08:45:00",162,-793.7,-814,-801,-796.1,18.8
"2021-10-02 09:00:00",163,-773.6,-793.5,-781,-776,18.8
"2021-10-02 09:15:00",164,-772.3,-791.9,-779.1,-775.2,18.8
"2021-10-02 09:30:00",165,-758.2,-777.8,-764.8,-761.9,18.8
"2021-10-02 09:45:00",166,-763.4,-783.1,-770,-768.3,18.8
"2021-10-02 10:00:00",167,-756.6,-775.9,-762.7,-760.5,18.8
"2021-10-02 10:15:00",168,-770,-789.5,-776.2,-772.7,18.8
"2021-10-02 10:30:00",169,-754.9,-774.3,-760.4,-756.6,18.8
"2021-10-02 10:45:00",170,-754.4,-773.7,-759.8,-755.8,18.8
"2021-10-02 11:00:00",171,-745.9,-764.9,-751,-746.4,18.8
"2021-10-02 11:15:00",172,-751.1,-769.9,-755.5,-751.1,18.8
"2021-10-02 11:30:00",173,-752.3,-770.7,-756.4,-751.4,18.8
"2021-10-02 11:45:00",174,-757.4,-776.1,-761.4,-756.2,18.8
"2021-10-02 12:00:00",175,-747.9,-766.7,-751.7,-746.4,18.8
"2021-10-02 12:15:00",176,-753.9,-772.3,-756.8,-752,18.8
"2021-10-02 12:30:00",177,-737.3,-756.1,-739.8,-735.4,18.7
"2021-10-02 12:45:00",178,-741.6,-760.7,-743.7,-739.4,18.8
"2021-10-02 13:00:00",179,-735.4,-754.2,-737.4,-732.8,18.7
"2021-10-02 13:15:00",180,-744.4,-763.2,-745.9,-741.4,18.8
"2021-10-02 13:30:00",181,-744.4,-762.4,-744.8,-740.7,18.8
"2021-10-02 13:45:00",182,-757.8,-775.6,-757.7,-753.8,18.7
"2021-10-02 14:00:00",183,-757,-774.3,-756.1,-752.5,18.8
"2021-10-02 14:15:00",184,-771.7,-788.5,-770.7,-768.2,18.7
"2021-10-02 14:30:00",185,-763.1,-779.6,-761.3,-759.2,18.7
"2021-10-02 14:45:00",186,-772.8,-789.2,-770.8,-771.1,18.7
"2021-10-02 15:00:00",187,-762.2,-778.5,-759.7,-763.3,18.7
"2021-10-02 15:15:00",188,-771.8,-788.1,-769.3,-770.6,18.8
"2021-10-02 15:30:00",189,-765.2,-781,-762,-762.8,18.7
"2021-10-02 15:45:00",190,-772.5,-788.2,-769.3,-769.2,18.7
"2021-10-02 16:00:00",191,-767.2,-782.7,-763.6,-763.2,18.7
"2021-10-02 16:15:00",192,-777.9,-794.9,-774.1,-773.4,18.7
"2021-10-02 16:30:00",193,-767.1,-785.1,-763.5,-762.3,18.7
"2021-10-02 16:45:00",194,-774.3,-792.4,-770.2,-769.2,18.7
"2021-10-02 17:00:00",195,-760.7,-778.6,-755.7,-755.4,18.7
"2021-10-02 17:15:00",196,-769.1,-786.8,-764,-763.8,18.7
"2021-10-02 17:30:00",197,-755.1,-798.3,-749.3,-749.6,18.7
"2021-10-02 17:45:00",198,-763.6,-804,-757.4,-758.3,18.7
"2021-10-02 18:00:00",199,-755.3,-790.9,-748.3,-750.3,18.7
"2021-10-02 18:15:00",200,-764.9,-797.7,-757.5,-760.7,18.7
"2021-10-02 18:30:00",201,-761.8,-792.6,-753.5,-758.3,18.7
"2021-10-02 18:45:00",202,-772.3,-801,-763.6,-769,18.7
"2021-10-02 19:00:00",203,-772.7,-800,-763.5,-770,18.7
"2021-10-02 19:15:00",204,-786.3,-812,-777,-783.7,18.7
"2021-10-02 19:30:00",205,-778.4,-803,-768.9,-775.7,18.6
"2021-10-02 19:45:00",206,-787.8,-812,-777.7,-785,18.6
"2021-10-02 20:00:00",207,-782.9,-806,-772.5,-779.8,18.7
"2021-10-02 20:15:00",208,-790.8,-813,-780.1,-787.5,18.7
"2021-10-02 20:30:00",209,-785.5,-807,-774.5,-781.8,18.6
"2021-10-02 20:45:00",210,-793.1,-814,-782.1,-789,18.6
"2021-10-02 21:00:00",211,-781.9,-802,-770.1,-776.4,18.6
"2021-10-02 21:15:00",212,-791.5,-810,-779.2,-784.6,18.6
"2021-10-02 21:30:00",213,-786.1,-804,-773.6,-778.1,18.6
"2021-10-02 21:45:00",214,-792.5,-810,-779.8,-783.4,18.6
"2021-10-02 22:00:00",215,-779.7,-796.9,-766.9,-770.1,18.6
"2021-10-02 22:15:00",216,-786.2,-803,-772.9,-776,18.6
"2021-10-02 22:30:00",217,-778.4,-794.5,-764.4,-767.3,18.6
"2021-10-02 22:45:00",218,-782.5,-798.3,-768.2,-771.2,18.6
"2021-10-02 23:00:00",219,-775.5,-790.9,-760.7,-764,18.6
"2021-10-02 23:15:00",220,-782.7,-798,-767.8,-771.4,18.6
"2021-10-02 23:30:00",221,-773.1,-788.3,-758,-762.4,18.6
"2021-10-02 23:45:00",222,-781,-796.2,-765.9,-771.3,18.6
"2021-10-03 00:00:00",223,-765.6,-781.3,-750.4,-756.4,18.6
"2021-10-03 00:15:00",224,-772.9,-789.2,-757.5,-764.1,18.6
"2021-10-03 00:30:00",225,-768.9,-785.4,-753.1,-760.5,18.6
"2021-10-03 00:45:00",226,-787,-804,-771.2,-780.1,18.6
"2021-10-03 01:00:00",227,-786.7,-803,-770.6,-778.8,18.6
"2021-10-03 01:15:00",228,-801,-817,-784.9,-792.5,18.6
"2021-10-03 01:30:00",229,-804,-820,-787.4,-795.1,18.6
"2021-10-03 01:45:00",230,-821,-838,-805,-813,18.6
"2021-10-03 02:00:00",231,-816,-832,-799,-809,18.6
"2021-10-03 02:15:00",232,-835,-852,-818,-829,18.6
"2021-10-03 02:30:00",233,-825,-842,-808,-817,18.6
"2021-10-03 02:45:00",234,-834,-850,-816,-825,18.6
"2021-10-03 03:00:00",235,-817,-833,-798.9,-809,18.6
"2021-10-03 03:15:00",236,-827,-844,-809,-821,18.6
"2021-10-03 03:30:00",237,-810,-826,-791.1,-810,18.6
"2021-10-03 03:45:00",238,-817,-833,-798.3,-824,18.5
"2021-10-03 04:00:00",239,-803,-819,-783.8,-804,18.6
"2021-10-03 04:15:00",240,-807,-824,-787.5,-807,18.5
"2021-10-03 04:30:00",241,-797.2,-814,-777.6,-796.6,18.6
"2021-10-03 04:45:00",242,-802,-819,-781.8,-801,18.5
"2021-10-03 05:00:00",243,-796.4,-814,-776.7,-795.8,18.5
"2021-10-03 05:15:00",244,-797.3,-816,-777.4,-796.8,18.5
"2021-10-03 05:30:00",245,-788.9,-808,-768.7,-788.5,18.5
"2021-10-03 05:45:00",246,-794.5,-813,-774,-794.1,18.5
"2021-10-03 06:00:00",247,-781.8,-801,-761.1,-780.7,18.5
"2021-10-03 06:15:00",248,-790.5,-810,-769.5,-788.4,18.5
"2021-10-03 06:30:00",249,-780.7,-800,-759.5,-777.9,18.5
"2021-10-03 06:45:00",250,-800,-820,-778.6,-796.6,18.5
"2021-10-03 07:00:00",251,-803,-822,-780.9,-798.4,18.5
"2021-10-03 07:15:00",252,-819,-839,-796.9,-814,18.5
"2021-10-03 07:30:00",253,-825,-845,-802,-819,18.5
"2021-10-03 07:45:00",254,-838,-859,-815,-832,18.5
"2021-10-03 08:00:00",255,-832,-853,-809,-826,18.5
"2021-10-03 08:15:00",256,-846,-866,-823,-839,18.5
"2021-10-03 08:30:00",257,-835,-855,-811,-827,18.5
"2021-10-03 08:45:00",258,-839,-859,-815,-831,18.5
"2021-10-03 09:00:00",259,-818,-837,-792.8,-809,18.5
"2021-10-03 09:15:00",260,-816,-835,-790.8,-806,18.5
"2021-10-03 09:30:00",261,-797.7,-817,-772.4,-787.9,18.5
"2021-10-03 09:45:00",262,-799,-818,-773.2,-789,18.5
"2021-10-03 10:00:00",263,-779.2,-797.1,-752.6,-768.9,18.5
"2021-10-03 10:15:00",264,-790.5,-809,-764,-779.9,18.5
"2021-10-03 10:30:00",265,-779.4,-797.2,-752.3,-768.4,18.5
"2021-10-03 10:45:00",266,-778.6,-796.3,-751.1,-767.4,18.5
"2021-10-03 11:00:00",267,-771.1,-788.3,-743.1,-760.1,18.5
"2021-10-03 11:15:00",268,-784.3,-801,-756.3,-773.4,18.5
"2021-10-03 11:30:00",269,-775.9,-792.8,-747.7,-765,18.5
"2021-10-03 11:45:00",270,-778,-794.3,-749,-766.4,18.5
"2021-10-03 12:00:00",271,-771.6,-787,-741.6,-759.2,18.5
"2021-10-03 12:15:00",272,-791,-806,-760.8,-778.8,18.5
"2021-10-03 12:30:00",273,-776.5,-792,-746.2,-764.2,18.5
"2021-10-03 12:45:00",274,-793.4,-809,-762.9,-781.2,18.4
"2021-10-03 13:00:00",275,-787.7,-803,-757.2,-776,18.5
"2021-10-03 13:15:00",276,-806,-822,-775.8,-794.9,18.5
"2021-10-03 13:30:00",277,-802,-818,-771.5,-790.4,18.5
"2021-10-03 13:45:00",278,-806,-821,-775.3,-794.2,18.5
"2021-10-03 14:00:00",279,-799.8,-815,-768.7,-787.6,18.5
"2021-10-03 14:15:00",280,-809,-824,-777.8,-796.5,18.4
"2021-10-03 14:30:00",281,-801,-816,-769.5,-788.4,18.5
"2021-10-03 14:45:00",282,-812,-827,-780.5,-799.3,18.4
"2021-10-03 15:00:00",283,-798.6,-813,-766.5,-785.4,18.4
"2021-10-03 15:15:00",284,-812,-826,-779.5,-797.9,18.5
"2021-10-03 15:30:00",285,-803,-817,-771,-789.4,18.4
"2021-10-03 15:45:00",286,-812,-826,-779.1,-797.4,18.5
"2021-10-03 16:00:00",287,-801,-814,-768.2,-786.5,18.5
"2021-10-03 16:15:00",288,-811,-825,-778.4,-796.5,18.4
"2021-10-03 16:30:00",289,-807,-820,-774.2,-792.1,18.5
"2021-10-03 16:45:00",290,-816,-829,-782.7,-800,18.4
"2021-10-03 17:00:00",291,-805,-818,-771.8,-789.8,18.4
"2021-10-03 17:15:00",292,-817,-829,-783.6,-804,18.5
"2021-10-03 17:30:00",293,-802,-813,-767.6,-790.3,18.4
"2021-10-03 17:45:00",294,-813,-824,-778.1,-803,18.4
"2021-10-03 18:00:00",295,-803,-814,-768,-793.5,18.5
"2021-10-03 18:15:00",296,-808,-818,-772.5,-798.8,18.4
"2021-10-03 18:30:00",297,-800,-811,-764.4,-791.8,18.4
"2021-10-03 18:45:00",298,-810,-821,-774.5,-803,18.4
"2021-10-03 19:00:00",299,-802,-813,-766.1,-795.3,18.4
"2021-10-03 19:15:00",300,-812,-823,-776,-806,18.4
"2021-10-03 19:30:00",301,-804,-815,-767.8,-798.2,18.4
"2021-10-03 19:45:00",302,-823,-834,-786.7,-817,18.4
"2021-10-03 20:00:00",303,-824,-836,-788.2,-819,18.4
"2021-10-03 20:15:00",304,-840,-852,-804,-835,18.4
"2021-10-03 20:30:00",305,-838,-850,-802,-832,18.4
"2021-10-03 20:45:00",306,-850,-862,-814,-843,18.4
"2021-10-03 21:00:00",307,-842,-853,-805,-834,18.4
"2021-10-03 21:15:00",308,-854,-866,-817,-845,18.4
"2021-10-03 21:30:00",309,-848,-860,-812,-840,18.4
"2021-10-03 21:45:00",310,-864,-876,-827,-855,18.4
"2021-10-03 22:00:00",311,-850,-862,-814,-843,18.4
"2021-10-03 22:15:00",312,-851,-862,-814,-843,18.4
"2021-10-03 22:30:00",313,-834,-846,-797.8,-827,18.4
"2021-10-03 22:45:00",314,-842,-854,-806,-835,18.4
"2021-10-03 23:00:00",315,-833,-844,-796.7,-826,18.4
"2021-10-03 23:15:00",316,-842,-853,-806,-835,18.4
"2021-10-03 23:30:00",317,-834,-845,-798.9,-826,18.4
"2021-10-03 23:45:00",318,-845,-857,-811,-836,18.4
"2021-10-04 00:00:00",319,-832,-843,-797.8,-822,18.4
"2021-10-04 00:15:00",320,-854,-866,-820,-844,18.4
"2021-10-04 00:30:00",321,-846,-858,-813,-836,18.4
"2021-10-04 00:45:00",322,-851,-862,-818,-840,18.4
"2021-10-04 01:00:00",323,-844,-856,-812,-834,18.4
"2021-10-04 01:15:00",324,-855,-867,-823,-845,18.4
"2021-10-04 01:30:00",325,-843,-854,-811,-832,18.4
"2021-10-04 01:45:00",326,-856,-867,-824,-844,18.4
"2021-10-04 02:00:00",327,-845,-856,-813,-833,18.4
"2021-10-04 02:15:00",328,-854,-867,-822,-841,18.4
"2021-10-04 02:30:00",329,-846,-858,-814,-833,18.4
"2021-10-04 02:45:00",330,-853,-865,-821,-841,18.4
"2021-10-04 03:00:00",331,-845,-856,-811,-831,18.4
"2021-10-04 03:15:00",332,-853,-864,-819,-840,18.4
"2021-10-04 03:30:00",333,-846,-858,-813,-833,18.4
"2021-10-04 03:45:00",334,-851,-862,-818,-838,18.4
"2021-10-04 04:00:00",335,-847,-858,-813,-834,18.4
"2021-10-04 04:15:00",336,-857,-868,-823,-843,18.4
"2021-10-04 04:30:00",337,-848,-859,-814,-834,18.4
"2021-10-04 04:45:00",338,-859,-870,-825,-846,18.4
"2021-10-04 05:00:00",339,-853,-863,-817,-839,18.4
"2021-10-04 05:15:00",340,-861,-871,-825,-847,18.4
"2021-10-04 05:30:00",341,-851,-861,-814,-836,18.4
"2021-10-04 05:45:00",342,-860,-870,-823,-845,18.4
"2021-10-04 06:00:00",343,-850,-860,-813,-835,18.4
"2021-10-04 06:15:00",344,-860,-870,-823,-845,18.4
"2021-10-04 06:30:00",345,-851,-861,-814,-837,18.4
"2021-10-04 06:45:00",346,-866,-875,-828,-851,18.4
"2021-10-04 07:00:00",347,-854,-865,-817,-840,18.4
"2021-10-04 07:15:00",348,-870,-879,-831,-855,18.4
"2021-10-04 07:30:00",349,-859,-869,-821,-845,18.4
"2021-10-04 07:45:00",350,-869,-878,-831,-855,18.4
"2021-10-04 08:00:00",351,-857,-866,-817,-842,18.4
"2021-10-04 08:15:00",352,-861,-870,-821,-846,18.4
"2021-10-04 08:30:00",353,-849,-858,-810,-834,18.4
"2021-10-04 08:45:00",354,-861,-870,-822,-847,18.4
"2021-10-04 09:00:00",355,-849,-857,-809,-834,18.4
"2021-10-04 09:15:00",356,-859,-866,-818,-843,18.4
"2021-10-04 09:30:00",357,-847,-855,-806,-832,18.4
"2021-10-04 09:45:00",358,-857,-864,-816,-841,18.3
"2021-10-04 10:00:00",359,-849,-856,-807,-833,18.4
"2021-10-04 10:15:00",360,-855,-862,-813,-839,18.4
"2021-10-04 10:30:00",361,-842,-848,-799.4,-826,18.5
"2021-10-04 10:45:00",362,-860,-866,-817,-844,18.4
"2021-10-04 11:00:00",363,-845,-851,-802,-829,18.4
"2021-10-04 11:15:00",364,-855,-861,-812,-839,18.4
"2021-10-04 11:30:00",365,-843,-849,-800,-827,18.4
"2021-10-04 11:45:00",366,-848,-854,-805,-831,18.5
"2021-10-04 12:00:00",367,-838,-843,-794.3,-821,18.4
"2021-10-04 12:15:00",368,-843,-849,-799.3,-827,18.4
"2021-10-04 12:30:00",369,-834,-838,-788.9,-817,18.4
"2021-10-04 12:45:00",370,-839,-843,-793.8,-822,18.4
"2021-10-04 13:00:00",371,-833,-837,-787.4,-816,18.4
"2021-10-04 13:15:00",372,-836,-841,-791.2,-820,18.4
"2021-10-04 13:30:00",373,-825,-829,-779.4,-809,18.4
"2021-10-04 13:45:00",374,-840,-844,-793.9,-823,18.4
"2021-10-04 14:00:00",375,-829,-833,-782.7,-812,18.4
"2021-10-04 14:15:00",376,-838,-842,-792,-822,18.4
"2021-10-04 14:30:00",377,-829,-833,-782.1,-812,18.4
"2021-10-04 14:45:00",378,-839,-843,-792,-822,18.4
"2021-10-04 15:00:00",379,-831,-835,-783.9,-815,18.4
"2021-10-04 15:15:00",380,-841,-845,-793.8,-824,18.4
"2021-10-04 15:30:00",381,-832,-836,-784.5,-815,18.5
"2021-10-04 15:45:00",382,-843,-846,-795.2,-826,18.5
"2021-10-04 16:00:00",383,-834,-837,-785.5,-816,18.4
"2021-10-04 16:15:00",384,-847,-850,-798.8,-830,18.5
"2021-10-04 16:30:00",385,-833,-836,-785.3,-816,18.5
"2021-10-04 16:45:00",386,-842,-845,-794.4,-826,18.5
"2021-10-04 17:00:00",387,-832,-835,-784.2,-815,18.4
"2021-10-04 17:15:00",388,-844,-847,-796,-827,18.5
"2021-10-04 17:30:00",389,-835,-838,-787.1,-818,18.4
"2021-10-04 17:45:00",390,-848,-851,-800,-831,18.4
"2021-10-04 18:00:00",391,-838,-841,-790.1,-822,18.5
"2021-10-04 18:15:00",392,-851,-854,-803,-835,18.5
"2021-10-04 18:30:00",393,-844,-847,-796.2,-828,18.5
"2021-10-04 18:45:00",394,-857,-860,-809,-841,18.5
"2021-10-04 19:00:00",395,-850,-853,-802,-834,18.5
"2021-10-04 19:15:00",396,-864,-866,-816,-848,18.5
"2021-10-04 19:30:00",397,-855,-858,-807,-840,18.5
"2021-10-04 19:45:00",398,-864,-867,-816,-849,18.5
"2021-10-04 20:00:00",399,-856,-859,-808,-841,18.5
"2021-10-04 20:15:00",400,-871,-874,-823,-856,18.5
"2021-10-04 20:30:00",401,-860,-863,-813,-846,18.5
"2021-10-04 20:45:00",402,-871,-874,-824,-857,18.5
"2021-10-04 21:00:00",403,-861,-864,-814,-846,18.5
"2021-10-04 21:15:00",404,-867,-870,-820,-852,18.5
"2021-10-04 21:30:00",405,-860,-863,-814,-845,18.5
"2021-10-04 21:45:00",406,-875,-878,-828,-860,18.5
"2021-10-04 22:00:00",407,-864,-867,-818,-850,18.5
"2021-10-04 22:15:00",408,-877,-880,-831,-862,18.5
"2021-10-04 22:30:00",409,-869,-872,-823,-854,18.5
"2021-10-04 22:45:00",410,-879,-882,-833,-864,18.5
"2021-10-04 23:00:00",411,-870,-874,-824,-855,18.5
"2021-10-04 23:15:00",412,-877,-880,-830,-861,18.5
"2021-10-04 23:30:00",413,-870,-873,-823,-854,18.5
"2021-10-04 23:45:00",414,-878,-882,-832,-863,18.5
"2021-10-05 00:00:00",415,-869,-874,-822,-854,18.5
"2021-10-05 00:15:00",416,-881,-886,-835,-866,18.5
"2021-10-05 00:30:00",417,-873,-877,-827,-858,18.5
"2021-10-05 00:45:00",418,-882,-886,-835,-866,18.5
"2021-10-05 01:00:00",419,-872,-876,-825,-856,18.5
"2021-10-05 01:15:00",420,-882,-886,-835,-866,18.5
"2021-10-05 01:30:00",421,-870,-874,-824,-854,18.5
"2021-10-05 01:45:00",422,-880,-884,-834,-864,18.5
"2021-10-05 02:00:00",423,-871,-875,-825,-855,18.6
"2021-10-05 02:15:00",424,-880,-884,-834,-864,18.5
"2021-10-05 02:30:00",425,-875,-879,-828,-859,18.5
"2021-10-05 02:45:00",426,-895,-899,-848,-879,18.5
"2021-10-05 03:00:00",427,-885,-889,-838,-869,18.6
"2021-10-05 03:15:00",428,-898,-902,-851,-882,18.5
"2021-10-05 03:30:00",429,-884,-889,-837,-869,18.6
"2021-10-05 03:45:00",430,-897,-901,-850,-882,18.5
"2021-10-05 04:00:00",431,-885,-890,-838,-871,18.6
"2021-10-05 04:15:00",432,-897,-902,-849,-883,18.6
"2021-10-05 04:30:00",433,-890,-895,-842,-875,18.6
"2021-10-05 04:45:00",434,-902,-906,-854,-887,18.6
"2021-10-05 05:00:00",435,-893,-897,-845,-878,18.6
"2021-10-05 05:15:00",436,-903,-907,-854,-888,18.6
"2021-10-05 05:30:00",437,-894,-898,-846,-879,18.6
"2021-10-05 05:45:00",438,-903,-908,-855,-888,18.6
"2021-10-05 06:00:00",439,-893,-898,-845,-878,18.6
"2021-10-05 06:15:00",440,-905,-909,-856,-889,18.6
"2021-10-05 06:30:00",441,-895,-899,-846,-879,18.6
"2021-10-05 06:45:00",442,-910,-914,-861,-894,18.6
"2021-10-05 07:00:00",443,-903,-907,-854,-887,18.6
"2021-10-05 07:15:00",444,-913,-917,-863,-897,18.6
"2021-10-05 07:30:00",445,-904,-908,-855,-888,18.6
"2021-10-05 07:45:00",446,-917,-920,-867,-900,18.6
"2021-10-05 08:00:00",447,-908,-912,-858,-891,18.6
"2021-10-05 08:15:00",448,-918,-921,-868,-901,18.6
"2021-10-05 08:30:00",449,-906,-909,-858,-889,18.6
"2021-10-05 08:45:00",450,-916,-919,-868,-898,18.6
"2021-10-05 09:00:00",451,-901,-904,-852,-883,18.6
"2021-10-05 09:15:00",452,-906,-908,-856,-888,18.6
"2021-10-05 09:30:00",453,-888,-891,-838,-870,18.7
"2021-10-05 09:45:00",454,-896,-899,-846,-878,18.5
"2021-10-05 10:00:00",455,-885,-887,-835,-867,18.6
"2021-10-05 10:15:00",456,-895,-897,-844,-877,18.7
"2021-10-05 10:30:00",457,-882,-883,-830,-864,18.6
"2021-10-05 10:45:00",458,-890,-892,-839,-873,18.6
"2021-10-05 11:00:00",459,-878,-879,-826,-862,18.6
"2021-10-05 11:15:00",460,-886,-888,-834,-871,18.6
"2021-10-05 11:30:00",461,-871,-872,-819,-855,18.6
"2021-10-05 11:45:00",462,-882,-883,-829,-865,18.6
"2021-10-05 12:00:00",463,-871,-872,-818,-854,18.6
"2021-10-05 12:15:00",464,-879,-879,-825,-861,18.6
"2021-10-05 12:30:00",465,-869,-869,-815,-851,18.6
"2021-10-05 12:45:00",466,-879,-879,-825,-862,18.6
"2021-10-05 13:00:00",467,-864,-863,-809,-846,18.6
"2021-10-05 13:15:00",468,-873,-872,-818,-855,18.6
"2021-10-05 13:30:00",469,-863,-862,-808,-845,18.6
"2021-10-05 13:45:00",470,-874,-872,-818,-855,18.6
"2021-10-05 14:00:00",471,-863,-861,-807,-844,18.6
"2021-10-05 14:15:00",472,-875,-873,-818,-856,18.6
"2021-10-05 14:30:00",473,-864,-862,-807,-844,18.6
"2021-10-05 14:45:00",474,-875,-872,-817,-855,18.6
"2021-10-05 15:00:00",475,-868,-865,-810,-848,18.6
"2021-10-05 15:15:00",476,-901,-898,-843,-880,18.7
"2021-10-05 15:30:00",477,-888,-885,-830,-867,18.6
"2021-10-05 15:45:00",478,-901,-898,-843,-880,18.7
"2021-10-05 16:00:00",479,-889,-886,-831,-868,18.6
"2021-10-05 16:15:00",480,-899,-895,-840,-879,18.6
"2021-10-05 16:30:00",481,-908,-904,-849,-889,18.7
"2021-10-05 16:45:00",482,-929,-925,-870,-909,18.6
"2021-10-05 17:00:00",483,-919,-914,-859,-898,18.7
"2021-10-05 17:15:00",484,-930,-925,-870,-908,18.6
"2021-10-05 17:30:00",485,-924,-919,-864,-902,18.7
"2021-10-05 17:45:00",486,-933,-928,-873,-911,18.7
"2021-10-05 18:00:00",487,-923,-918,-863,-900,18.7
"2021-10-05 18:15:00",488,-934,-929,-874,-911,18.6
"2021-10-05 18:30:00",489,-920,-915,-859,-897,18.7
"2021-10-05 18:45:00",490,-931,-926,-870,-908,18.7
"2021-10-05 19:00:00",491,-922,-917,-861,-899,18.7
"2021-10-05 19:15:00",492,-933,-927,-871,-909,18.7
"2021-10-05 19:30:00",493,-924,-918,-863,-901,18.7
"2021-10-05 19:45:00",494,-934,-928,-872,-910,18.7
"2021-10-05 20:00:00",495,-923,-917,-861,-899,18.7
"2021-10-05 20:15:00",496,-930,-924,-868,-905,18.7
"2021-10-05 20:30:00",497,-925,-919,-863,-900,18.7
"2021-10-05 20:45:00",498,-935,-928,-872,-910,18.7
"2021-10-05 21:00:00",499,-927,-921,-865,-903,18.7
"2021-10-05 21:15:00",500,-932,-926,-870,-907,18.7
"2021-10-05 21:30:00",501,-928,-921,-865,-903,18.7
"2021-10-05 21:45:00",502,-935,-928,-872,-909,18.7
"2021-10-05 22:00:00",503,-922,-915,-859,-897,18.7
"2021-10-05 22:15:00",504,-937,-930,-874,-912,18.7
"2021-10-05 22:30:00",505,-929,-922,-866,-904,18.7
"2021-10-05 22:45:00",506,-938,-931,-875,-914,18.7
"2021-10-05 23:00:00",507,-927,-920,-864,-904,18.7
"2021-10-05 23:15:00",508,-938,-931,-875,-915,18.7
"2021-10-05 23:30:00",509,-930,-922,-866,-907,18.7
"2021-10-05 23:45:00",510,-944,-937,-881,-922,18.7
"2021-10-06 00:00:00",511,-935,-928,-871,-912,18.7
"2021-10-06 00:15:00",512,-945,-937,-881,-921,18.7
"2021-10-06 00:30:00",513,-937,-930,-873,-913,18.7
"2021-10-06 00:45:00",514,-948,-941,-884,-924,18.7
"2021-10-06 01:00:00",515,-939,-931,-875,-915,18.7
"2021-10-06 01:15:00",516,-955,-948,-891,-931,18.7
"2021-10-06 01:30:00",517,-947,-939,-882,-921,18.7
"2021-10-06 01:45:00",518,-958,-951,-894,-933,18.7
