"TOA5","GCREW_MET","CR1000","85321","CR1000.Std.31.03","CPU:GCREW_METv5.CR1","24578","GCREW_MET_15min"
"TIMESTAMP","RECORD","Statname","Rain_in_Tot","Rain_cm_Tot","AirTC_Avg","RH","CleanRH","VP","VPD","SVP","Barometric_Pressure_PB110B","Barometric_Pressure_PB110B_Avg","SlrW_Avg","SlrMJ_Tot","PAR_Den_C_Avg","PAR_Tot_C_Tot","Temp10cm_Avg","Temp25cm_Avg","Temp90cm_Avg","Above75cm_plate_Avg","Aquatroll_ID(2)","Depth","Temperature","Actual_Conductivity","Specific_Conductivity","Salinity","TDS","Water_Density","Pressure","Resistivity","WindDir_RM_Avg","WindDir_RM","WS_ms_RM_Max","WS_ms_RM_Min","WS_ms_RM_Avg","WS_ms_RM","WindDir_WS_Avg","WindDir_WS","WS_ms_WS_Max","WS_ms_WS_Min","WS_ms_WS_Avg","WS_ms_WS"
"TS","RN","","inch","cm","°C","%","%","kPa","Pa","Pa","mbar","mbar","W/m²","MJ/m²","micromols/s/m^2","mmol/m^2second","C","C","C","C","","cm","C","uS/cm","uS/cm","PSU","ppt","g/cm3","PSI","ohm-cm","degrees","degrees","m/s","m/s","m/s","m/s","degrees","degrees","m/s","m/s","m/s","m/s"
"","","Smp","Tot","Tot","Avg","Smp","Smp","Smp","Smp","Smp","Smp","Avg","Avg","Tot","Avg","Tot","Avg","Avg","Avg","Avg","Smp","Smp","Smp","Smp","Smp","Smp","Smp","Smp","Smp","Smp","Avg","Smp","Max","Min","Avg","Smp","Avg","Smp","Max","Min","Avg","Smp"
"2026-03-31 23:45:00",166514,"NAN",0,0,21.89,62.32,62.32,1.624966,2.079224,5.518595,1014.747,1015.086,0.002,0,0,0,11.03,7.954,6.57,"NAN","213IN-SITU AT200 201000",52.92115,6.611786,13319.58,20530.03,12.01505,13.34452,1.009398,0.759788,75.06536,158.2051,247.3331,3.8416,0,1.142353,1.8032,155.5778,239,4.12,0.22,1.335667,2.15
"2026-04-01 00:00:00",166515,"NAN",0,0,21.56,62.22,62.22,1.629067,2.090837,5.534404,1014.829,1015.133,0.001,0,0,0,11.04,7.973,6.572,"NAN","213IN-SITU AT200 201000",52.94897,6.613022,13321.2,20531.78,12.01622,13.34566,1.009402,0.760311,75.03763,183.8296,180.5294,2.9204,0,0.8757933,1.47,177.55,154,3.03,0.03,1.041611,0.27
"2026-04-01 00:15:00",166516,"NAN",0,0,21.64,63.28,63.28,1.629579,2.009205,5.471553,1014.763,1015.144,0,0,0,0,11.03,7.972,6.555,"NAN","213IN-SITU AT200 201000",52.91566,6.614098,13322.85,20533.68,12.01749,13.34689,1.009399,0.759711,75.05253,178.9907,92.61365,3.0968,0,1.187216,1.274,175.2167,97,3.8,0.06,1.368556,1.23
"2026-04-01 00:30:00",166517,"NAN",0,0,21.73,63.48,63.48,1.641707,2.003811,5.487453,1014.765,1015.171,0.001,0,0,0,11.03,7.994,6.559,"NAN","213IN-SITU AT200 201000",52.89119,6.616112,13325.62,20536.73,12.01953,13.34887,1.009399,0.759057,75.0483,146.4624,206.5616,2.7832,0,0.8952844,2.5284,141.9889,183,3.65,0.11,1.082722,2.32
"2026-04-01 00:45:00",166518,"NAN",0,0,22.01,63.01,63.01,1.643111,2.041714,5.519291,1014.854,1015.153,0.001,0,0,0,11.03,8.01,6.561,"NAN","213IN-SITU AT200 201000",52.91564,6.617744,13325.08,20534.91,12.01846,13.34769,1.0094,0.759546,75.04206,153.9148,256.8993,5.2528,0,1.191789,2.6264,151.9778,267,5.83,0.13,1.352833,3.59
"2026-04-01 01:00:00",166519,"NAN",0,0,21.8,61.51,61.51,1.66497,2.179062,5.66102,1015.008,1015.195,0.001,0,0,0,11.04,8.03,6.572,"NAN","213IN-SITU AT200 201000",52.86636,6.618904,13321,20527.92,12.0141,13.34315,1.009401,0.759546,75.02772,192.9665,266.8357,4.6256,0,1.212042,0.5488,193.0167,261,4.51,0.1,1.367722,1.01
"2026-04-01 01:15:00",166520,"NAN",0,0,22.44,61.51,61.51,1.668325,2.182065,5.668712,1015.002,1015.235,0,0,0,0,11.06,8.07,6.597,"NAN","213IN-SITU AT200 201000",52.89524,6.620941,13325.37,20533.43,12.01769,13.34673,1.009398,0.760741,75.04589,173.6996,295.6393,4.5276,0,1.206271,0.1764,169.4889,289,5.96,0.03,1.426667,0.78
"2026-04-01 01:30:00",166521,"NAN",0,0,22.4,61.78,61.78,1.679064,2.169591,5.676352,1014.994,1015.273,0,0,0,0,11.06,8.08,6.585,"NAN","213IN-SITU AT200 201000",52.87042,6.622368,13319.04,20522.8,12.01104,13.33982,1.009398,0.759711,75.0435,179.1641,191.5107,4.6452,0,1.357735,0.3332,197.8056,196,5.31,0.05,1.555889,0.67
"2026-04-01 01:45:00",166522,"NAN",0,0,22.24,63,63,1.684213,2.076671,5.613327,1014.993,1015.231,0,0,0,0,11.06,8.08,6.571,"NAN","213IN-SITU AT200 201000",52.88351,6.624298,13323.46,20528.45,12.01472,13.34349,1.009399,0.759503,75.0281,163.8954,191.5102,3.1752,0.0392,1.156073,1.0976,173.0722,190,3.05,0.15,1.323,1.1
"2026-04-01 02:00:00",166523,"NAN",0,0,22.11,64.03,64.03,1.676338,1.990914,5.534404,1014.747,1015.168,0,0,0,0,11.08,8.1,6.573,"NAN","213IN-SITU AT200 201000",52.83636,6.625832,13323.23,20527.17,12.01399,13.34266,1.0094,0.759788,75.02028,177.2202,227.7902,3.6064,0,1.146491,0.5292,189.4944,172,4.82,0.17,1.357944,0.2
"2026-04-01 02:15:00",166524,"NAN",0,0,21.81,65.93,65.93,1.680145,1.850278,5.431496,1014.829,1015.131,0,0,0,0,11.08,8.12,6.569,"NAN","213IN-SITU AT200 201000",52.84748,6.627571,13324.68,20528.35,12.01483,13.34343,1.009398,0.759116,75.03042,187.1276,230.6443,4.312,0,1.096729,2.0972,188.1333,216,4.76,0.07,1.353222,1.15
"2026-04-01 02:30:00",166525,"NAN",0,0,21.7,65.19,65.19,1.69258,1.915813,5.502898,1014.752,1015.147,0,0,0,0,11.09,8.13,6.576,"NAN","213IN-SITU AT200 201000",52.91589,6.629105,13323.84,20526.13,12.01351,13.34198,1.009399,0.75887,75.01502,174.9933,261.4119,4.8804,0,1.187216,1.078,180.8667,110,5.83,0.1,1.367111,0.59
"2026-04-01 02:45:00",166526,"NAN",0,0,21.35,67.09,67.09,1.670937,1.758644,5.344404,1014.757,1015.108,0,0,0,0,11.11,8.15,6.582,"NAN","213IN-SITU AT200 201000",52.84745,6.63028,13326.69,20529.81,12.0159,13.34438,1.009394,0.759711,75.05151,166.3818,348.1495,2.9008,0,0.6094511,0.7252,174.2778,8,3.12,0.05,0.8802778,0.49
"2026-04-01 03:00:00",166527,"NAN",0,0,21.11,67.57,67.57,1.675653,1.727979,5.328265,1014.748,1015.044,0,0,0,0,11.1,8.16,6.566,"NAN","213IN-SITU AT200 201000",52.90898,6.632591,13327.41,20529.52,12.01584,13.34419,1.009395,0.758671,75.036,170.601,192.8167,3.8024,0,0.7545999,1.9208,173.7667,180,3.34,0.04,1.005333,2.65
"2026-04-01 03:15:00",166528,"NAN",0,0,20.95,68.39,68.39,1.675549,1.669403,5.28195,1014.801,1015.025,0.003,0,0,0,11.1,8.17,6.567,"NAN","213IN-SITU AT200 201000",52.89533,6.634705,13329.24,20531.08,12.01694,13.3452,1.009398,0.758895,75.0082,198.3517,159.8666,4.9588,0,1.132553,0.8036,191.8278,167,5.59,0.13,1.353667,2.31
"2026-04-01 03:30:00",166529,"NAN",0,0,20.58,70.95,70.95,1.684002,1.49963,5.161827,1014.952,1015.105,0.002,0,0,0,11.11,8.19,6.571,"NAN","213IN-SITU AT200 201000",52.85329,6.636353,13319.87,20515.64,12.00725,13.33516,1.009399,0.758625,75.00234,158.721,4.668409,4.1356,0,0.7528577,1.176,148.8389,29,4.95,0.01,0.9813889,1.07
"2026-04-01 03:45:00",166530,"NAN",0,0,20.47,70.03,70.03,1.673026,1.554327,5.186403,1015.137,1015.218,0.001,0,0,0,11.13,8.21,6.576,"NAN","213IN-SITU AT200 201000",52.83645,6.638168,13326.68,20525.04,12.0133,13.34127,1.009396,0.758233,75.01433,160.0041,98.20995,3.1948,0,0.6837133,0.7448,163.0889,94,3.29,0.02,0.9178888,0.8
"2026-04-01 04:00:00",166531,"NAN",0,0,20.17,72.49,72.49,1.695665,1.405078,5.106608,1015.065,1015.282,0,0,0,0,11.14,8.23,6.585,"NAN","213IN-SITU AT200 201000",52.82318,6.64019,13326.22,20523.11,12.01218,13.34002,1.009395,0.758278,75.02458,152.166,52.83116,2.3716,0,0.7087578,0.9408,159.6333,41,3.18,0.01,0.8989999,1.46
"2026-04-01 04:15:00",166532,"NAN",0,0,20.22,71.74,71.74,1.678216,1.443358,5.10676,1015.398,1015.403,0,0,0,0,11.15,8.25,6.589,"NAN","213IN-SITU AT200 201000",52.82188,6.641449,13328.58,20525.99,12.01408,13.34189,1.009398,0.758808,74.99705,183.5087,89.62526,3.7828,0,0.9593111,0.8624,187.8667,101,3.68,0.03,1.101389,1.41
"2026-04-01 04:30:00",166533,"NAN",0,0,19.9,72.21,72.21,1.693066,1.42123,5.114993,1015.651,1015.659,0,0,0,0,11.15,8.27,6.594,"NAN","213IN-SITU AT200 201000",52.82182,6.643654,13330.71,20527.93,12.01543,13.34316,1.009398,0.758484,74.98802,173.5934,246.3341,4.508,0,0.7555799,0.882,173.3389,216,4.75,0.07,0.9332222,0.28
"2026-04-01 04:45:00",166534,"NAN",0,0,19.79,72.9,72.9,1.691118,1.375507,5.074931,1015.816,1015.88,0,0,0,0,11.15,8.27,6.584,"NAN","213IN-SITU AT200 201000",52.81609,6.64521,13331.13,20527.63,12.01532,13.34296,1.009393,0.75887,75.01957,165.8823,331.9944,3.234,0,0.7748533,0.8231999,175.3889,210,4,0.07,0.946111,0.07
"2026-04-01 05:00:00",166535,"NAN",0,0,19.75,73.44,73.44,1.703767,1.347841,5.074935,1016.143,1016.138,0,0,0,0,11.14,8.28,6.573,"NAN","213IN-SITU AT200 201000",52.80828,6.647415,13331.9,20527.5,12.01535,13.34287,1.009395,0.758278,74.99929,209.4791,180.5117,2.8224,0,0.7627666,1.666,211.25,161,3.2,0.11,1.018944,1.16
"2026-04-01 05:15:00",166536,"NAN",0,0,19.63,75.14,75.14,1.678091,1.225396,4.930139,1016.143,1016.279,0,0,0,0,11.15,8.29,6.58,"NAN","213IN-SITU AT200 201000",52.8304,6.650017,13334,20529.15,12.01654,13.34395,1.009393,0.758166,75.00869,162.4769,175.8913,2.0384,0,0.6950378,0.9995999,163.4556,166,2.57,0.1,0.8856667,0.93
"2026-04-01 05:30:00",166537,"NAN",0,0,19.1,78.82,78.82,1.723246,1.026883,4.849397,1016.307,1016.417,0.223,0.001,0.571,0,11.15,8.31,6.582,"NAN","213IN-SITU AT200 201000",52.79649,6.651276,13331.18,20524.06,12.01338,13.34064,1.009395,0.758125,74.99394,197.4102,236.3441,2.2148,0,0.5672022,0.196,194.4167,244,2.58,0.02,0.7481667,0.33
"2026-04-01 05:45:00",166538,"NAN",0,0,18.71,80.9,80.9,1.704979,0.9013931,4.711642,1016.634,1016.575,2.337,0.013,5.264,0,11.17,8.33,6.588,"NAN","213IN-SITU AT200 201000",52.79648,6.653397,13332.21,20524.36,12.01368,13.34083,1.009391,0.758125,75.01609,174.3225,213.3144,1.666,0,0.4897822,1.2936,171.9278,207,1.96,0.04,0.6686111,0.79
"2026-04-01 06:00:00",166539,"NAN",0,0,18.24,81.6,81.6,1.708349,0.8647892,4.687267,1016.961,1016.856,10.65,0.058,21.87,0,11.18,8.35,6.595,"NAN","213IN-SITU AT200 201000",52.80826,6.655701,13336.05,20528.88,12.01667,13.34377,1.009394,0.758039,74.99279,186.8344,152.6923,1.9012,0,0.4161733,0,178.7667,140,2.11,0.04,0.5929444,0.49
"2026-04-01 06:15:00",166540,"NAN",0,0,18.31,80.9,80.9,1.713725,0.9012778,4.72788,1017.124,1017.037,33.02,0.178,66.18,0,11.17,8.35,6.578,"NAN","213IN-SITU AT200 201000",52.8231,6.657722,13336.31,20528.06,12.01626,13.34324,1.00939,0.758166,75.012,179.7543,232.9332,1.9208,0,0.4559177,0,179.6944,69,2.23,0.1,0.6582778,0.21
"2026-04-01 06:30:00",166541,"NAN",0,0,18.62,79.37,79.37,1.742563,1.003782,4.865562,1017.451,1017.301,80.9,0.437,153.2,0,11.16,8.37,6.594,"NAN","213IN-SITU AT200 201000",52.81321,6.659462,13330.75,20518.46,12.01027,13.337,1.009396,0.758361,74.96497,171.1846,182.7131,1.274,0,0.3504044,0.7252,168.7111,180,1.26,0.07,0.5497777,1
"2026-04-01 06:45:00",166542,"NAN",0,0,19.47,75.35,75.35,1.748031,1.251011,5.074935,1017.451,1017.529,104,0.562,211.3,0,11.16,8.4,6.615,"NAN","213IN-SITU AT200 201000",52.83062,6.661675,13333.55,20521.43,12.01226,13.33893,1.009395,0.758166,74.96461,181.5224,260.3897,2.744,0,0.6563822,0.2352,182.8667,234,2.77,0.03,0.8345,0.28
"2026-04-01 07:00:00",166543,"NAN",0,0,20.35,72.35,72.35,1.750626,1.447431,5.234859,1017.855,1017.835,159.5,0.861,318.3,0,11.16,8.44,6.641,"NAN","213IN-SITU AT200 201000",52.84046,6.663498,13334.35,20521.56,12.01245,13.33901,1.009392,0.758039,74.98224,199.0094,354.343,2.352,0,0.5885444,1.0584,203.3556,351,2.5,0.04,0.815,1.39
"2026-04-01 07:15:00",166544,"NAN",0,0,20.83,69.75,69.75,1.751847,1.62626,5.376427,1018.035,1018.255,206.4,1.114,413.8,0,11.16,8.45,6.633,"NAN","213IN-SITU AT200 201000",52.86657,6.666107,13336.49,20523.28,12.01367,13.34013,1.009392,0.757774,74.97972,197.208,1.935001,2.548,0,0.7910777,2.352,218.5556,341,2.93,0.12,0.9678333,2.11
"2026-04-01 07:30:00",166545,"NAN",0,0,21.2,70.02,70.02,1.788089,1.630624,5.439505,1018.102,1018.458,247.8,1.338,500.5,0,11.16,8.45,6.621,"NAN","213IN-SITU AT200 201000",52.80846,6.668419,13336.79,20522.35,12.01321,13.33953,1.009392,0.758125,74.97653,253.9974,12.09341,3.234,0,1.244164,1.372,266.2222,10,3.8,0.08,1.397778,2.14
"2026-04-01 07:45:00",166546,"NAN",0,0,21.79,66.61,66.61,1.795297,1.884461,5.644374,1018.328,1018.535,293.9,1.587,593.1,0,11.16,8.46,6.608,"NAN","213IN-SITU AT200 201000",52.84046,6.67054,13337.15,20521.62,12.01286,13.33905,1.009393,0.758361,74.96339,211.2486,52.31413,3.43,0,0.7826933,0.3724,228.4278,218,3.26,0.08,1.021278,0.43
"2026-04-01 08:00:00",166547,"NAN",0,0,22.41,65.79,65.79,1.772283,1.930467,5.642712,1018.432,1018.628,337.6,1.823,678.3,0,11.17,8.46,6.607,"NAN","213IN-SITU AT200 201000",52.8574,6.672554,13341.89,20527.7,12.01682,13.343,1.009393,0.758278,74.95449,216.7171,280.7419,3.9396,0,1.168704,2.4304,227.8556,278,4.02,0.05,1.384944,2.83
"2026-04-01 08:15:00",166548,"NAN",0,0,22.76,64.83,64.83,1.805189,2.028459,5.768133,1018.667,1018.809,383.7,2.072,769,0,11.17,8.47,6.594,"NAN","213IN-SITU AT200 201000",52.68764,6.674583,13342.52,20527.44,12.01676,13.34283,1.009393,0.758125,74.94805,207.1691,129.6432,4.3708,0,1.103807,1.47,221.3333,144,4.65,0.09,1.292111,1.85
"2026-04-01 08:30:00",166549,"NAN",0,0,22.98,63.61,63.61,1.807905,2.127674,5.846382,1018.665,1018.911,433.6,2.342,866,0,11.17,8.47,6.585,"NAN","213IN-SITU AT200 201000",52.79652,6.677658,13342.16,20525.03,12.0154,13.34127,1.00939,0.757151,74.96731,251.5357,281.6786,7.2912,0,1.778918,1.3916,268.9833,282,8.15,0.07,1.977778,1.74
"2026-04-01 08:45:00",166550,"NAN",0,0,23.75,61.22,61.22,1.805667,2.321512,5.986792,1018.665,1018.834,479.2,2.588,954,0,11.2,8.5,6.601,"NAN","213IN-SITU AT200 201000",52.75038,6.679588,13345.95,20529.7,12.01846,13.34431,1.009391,0.757658,74.95233,206.3052,192.5416,3.6064,0,0.9625778,1.862,209.7111,189,3.75,0.1,1.175555,2.61
"2026-04-01 09:00:00",166551,"NAN",0,0,24.12,58.63,58.63,1.823617,2.559904,6.188457,1018.583,1018.77,512.7,2.769,1017,0,11.19,8.5,6.592,"NAN","213IN-SITU AT200 201000",52.79034,6.681709,13343.43,20524.54,12.01531,13.34095,1.009394,0.757658,74.92736,220.0851,5.416895,3.1164,0,1.413051,1.2152,233.9111,356,3.28,0.14,1.550833,0.83
"2026-04-01 09:15:00",166552,"NAN",0,0,24.68,58.5,58.5,1.834243,2.581161,6.219361,1018.665,1018.763,536.1,2.895,1061,0,11.22,8.52,6.607,"NAN","213IN-SITU AT200 201000",52.76925,6.683914,13342.73,20522.14,12.01391,13.33939,1.009392,0.757393,74.93039,200.9547,336.8631,4.2336,0,1.261369,1.3524,219.3389,337,4.94,0.01,1.456167,1.41
"2026-04-01 09:30:00",166553,"NAN",0,0,25.26,57.48,57.48,1.813224,2.654558,6.242519,1018.828,1018.786,586.4,3.167,1154,0,11.23,8.53,6.606,"NAN","213IN-SITU AT200 201000",52.72059,6.686325,13347.84,20528.55,12.01809,13.34356,1.009397,0.757603,74.89141,205.7119,0.1450954,3.4104,0,1.194402,1.3328,222.8445,339,3.96,0.13,1.390167,1.96
"2026-04-01 09:45:00",166554,"NAN",0,0,25.37,55.43,55.43,1.817397,2.847307,6.388762,1018.828,1018.869,620.3,3.35,1219,0,11.23,8.53,6.595,"NAN","213IN-SITU AT200 201000",52.74438,6.688538,13347.76,20527.08,12.01728,13.3426,1.009393,0.756906,74.91286,204.1171,295.6802,3.4496,0,1.36318,1.47,221.8611,286,4.82,0.07,1.547278,1.48
"2026-04-01 10:00:00",166555,"NAN",0,0,26.08,54.27,54.27,1.823053,2.963356,6.480757,1018.828,1018.803,652,3.521,1277,0,11.26,8.56,6.617,"NAN","213IN-SITU AT200 201000",52.73845,6.691139,13353.09,20533.72,12.02162,13.34692,1.009394,0.756975,74.89981,207.2634,116.7534,4.2336,0,1.359042,0.6664,217.9667,111,5.1,0.05,1.591166,2.27
"2026-04-01 10:15:00",166556,"NAN",0,0,26.36,50.29,50.29,1.765548,3.305088,6.648675,1018.828,1018.679,680.6,3.675,1331,0,11.26,8.55,6.602,"NAN","213IN-SITU AT200 201000",52.65637,6.69355,13347.22,20523.24,12.01511,13.3401,1.009396,0.755357,74.88236,159.9278,100.1884,3.7044,0,1.287393,0.882,169.1056,320,5.16,0.17,1.552,0.17
"2026-04-01 10:30:00",166557,"NAN",0,0,27.18,50.05,50.05,1.86561,3.434547,6.876121,1018.828,1018.648,702.5,3.794,1372,0,11.27,8.56,6.599,"NAN","213IN-SITU AT200 201000",52.64835,6.696045,13355.82,20534.96,12.02267,13.34772,1.009393,0.754843,74.89463,177.7357,298.2194,3.528,0,1.245362,0.3136,182.1944,302,3.89,0.09,1.510889,1.82
"2026-04-01 10:45:00",166558,"NAN",0,0,27.6,50.56,50.56,1.847505,3.362032,6.800501,1018.828,1018.635,720.2,3.889,1405,0,11.3,8.58,6.62,"NAN","213IN-SITU AT200 201000",52.64627,6.698349,13354.37,20531.33,12.02049,13.34537,1.009395,0.756071,74.87428,207.3519,248.0406,3.92,0,1.455844,1.96,229.3167,244,4.5,0.11,1.773556,2.69
"2026-04-01 11:00:00",166559,"NAN",0,0,27.64,49.1,49.1,1.866766,3.538517,6.951548,1018.583,1018.595,736.8,3.979,1435,0,11.33,8.59,6.614,"NAN","213IN-SITU AT200 201000",52.66868,6.700768,13357.36,20534.47,12.02261,13.3474,1.009395,0.755803,74.87162,202.977,181.9254,4.7236,0,1.389204,2.0776,210.55,172,4.72,0.22,1.695389,1.68
"2026-04-01 11:15:00",166560,"NAN",0,0,28.4,47.53,47.53,1.807195,3.647431,6.951548,1018.42,1018.351,748.3,4.041,1454,0,11.36,8.6,6.619,"NAN","213IN-SITU AT200 201000",52.52383,6.70356,13352.1,20524.7,12.01657,13.34105,1.009397,0.75584,74.84777,198.5522,57.57869,5.0176,0,1.631918,0.0588,192.7944,76,5.28,0.08,1.879555,1.61
"2026-04-01 11:30:00",166561,"NAN",0,0,28.67,45.59,45.59,1.789145,3.847836,7.071829,1018.42,1018.233,733.1,3.959,1427,0,11.38,8.6,6.611,"NAN","213IN-SITU AT200 201000",52.5964,6.705963,13356.06,20529.34,12.01964,13.34407,1.009397,0.755641,74.84761,217.8411,301.1213,3.7828,0.0392,1.451707,1.4504,218.2278,285,4.27,0.17,1.7075,2.1
"2026-04-01 11:45:00",166562,"NAN",0,0,28.79,44.81,44.81,1.772341,3.919789,7.101822,1018.338,1018.19,756,4.082,1468,0,11.41,8.61,6.61,"NAN","213IN-SITU AT200 201000",52.57959,6.708267,13360.42,20534.66,12.02313,13.34753,1.009395,0.755007,74.85169,242.1529,219.0215,5.6252,0.098,2.022829,0.6468,240.9389,197,5.99,0.12,2.263278,1.96
"2026-04-01 12:00:00",166563,"NAN",0,0,29.21,43.1,43.1,1.815623,4.176628,7.340666,1018.256,1018.118,779.9,4.212,1511,0,11.45,8.63,6.62,"NAN","213IN-SITU AT200 201000",52.43333,6.711166,13358.2,20529.5,12.02001,13.34417,1.009396,0.753375,74.83671,200.5887,320.7092,4.7628,0,1.6023,0.9015999,226.9111,315,6.22,0.2,1.805111,1.34
"2026-04-01 12:15:00",166564,"NAN",0,0,29.73,42.22,42.22,1.813418,4.284532,7.414906,1018.256,1018.015,749.9,4.049,1451,0,11.46,8.62,6.613,"NAN","213IN-SITU AT200 201000",52.41682,6.713371,13362.67,20535.04,12.02364,13.34778,1.009395,0.75295,74.83789,260.4519,344.6499,4.8216,0.0588,1.858407,1.4504,270.3333,340,5.57,0.31,2.033166,1.44
"2026-04-01 12:30:00",166565,"NAN",0,0,30.13,40.79,40.79,1.731557,4.364241,7.370384,1018.174,1017.929,802,4.333,1541,0,11.48,8.62,6.612,"NAN","213IN-SITU AT200 201000",52.42752,6.716354,13362.92,20533.63,12.0229,13.34686,1.009392,0.753375,74.85444,216.2788,32.96084,4.6256,0,1.379404,1.274,216.3333,1,4.92,0.05,1.643778,2.11
"2026-04-01 12:45:00",166566,"NAN",0,0,30.09,39.15,39.15,1.66866,4.493773,7.385233,1017.929,1017.797,775.3,4.186,1490,0,11.52,8.62,6.612,"NAN","213IN-SITU AT200 201000",52.41108,6.719337,13362.2,20530.72,12.02122,13.34497,1.009397,0.7522,74.8142,207.3226,92.47413,4.704,0,1.374613,0.8624,209.4944,66,5.48,0.16,1.607111,0.96
"2026-04-01 13:00:00",166567,"NAN",0,0,30,38.54,38.54,1.678164,4.589158,7.466761,1017.847,1017.67,723.6,3.908,1397,0,11.57,8.63,6.608,"NAN","213IN-SITU AT200 201000",52.37239,6.721741,13359.42,20525,12.01772,13.34125,1.009396,0.753059,74.81487,203.622,202.9643,5.7036,0,1.466515,1.176,215.1056,165,5.77,0.17,1.760722,1.92
"2026-04-01 13:15:00",166568,"NAN",0,0,30.09,40.99,40.99,1.679927,4.270124,7.236413,1017.684,1017.591,597.2,3.225,1171,0,11.62,8.65,6.605,"NAN","213IN-SITU AT200 201000",52.57732,6.723961,13364.54,20531.52,12.02197,13.34549,1.009391,0.75148,74.84226,215.5776,313.3335,5.8996,0,1.901527,3.9396,241.5,331,6.08,0.1,2.133167,3.74
"2026-04-01 13:30:00",166569,"NAN",0,0,29.84,37.59,37.59,1.665555,4.701895,7.533297,1017.602,1017.437,706,3.812,1366,0,11.68,8.66,6.599,"NAN","213IN-SITU AT200 201000",52.33621,6.727242,13359.01,20521.05,12.01551,13.33868,1.009392,0.752606,74.82704,252.3781,307.5297,5.292,0,2.312255,1.3916,281.7833,302,6.61,0.25,2.475222,1.83
"2026-04-01 13:45:00",166570,"NAN",0,0,30.5,39.08,39.08,1.705214,4.552976,7.474163,1017.439,1017.267,697.7,3.768,1345,0,11.73,8.68,6.614,"NAN","213IN-SITU AT200 201000",52.27585,6.729553,13359,20519.64,12.01474,13.33777,1.009391,0.752059,74.83402,225.6705,308.231,5.2724,0,1.996369,2.6264,249.4889,314,5.75,0.1,2.2035,2.34
"2026-04-01 14:00:00",166571,"NAN",0,0,30.44,39.02,39.02,1.702241,4.558068,7.474163,1017.275,1017.133,579,3.127,1126,0,11.75,8.67,6.603,"NAN","213IN-SITU AT200 201000",52.29757,6.73204,13365.35,20527.91,12.02011,13.34314,1.009394,0.750376,74.804,238.5448,310.7701,5.096,0,1.643896,0.3136,242.55,300,5.74,0.15,1.833722,1.68
"2026-04-01 14:15:00",166572,"NAN",0,0,30.42,37.59,37.59,1.665555,4.701895,7.533297,1016.948,1016.878,617.6,3.335,1195,0,11.8,8.68,6.597,"NAN","213IN-SITU AT200 201000",52.41722,6.735306,13362.32,20521.28,12.01608,13.33883,1.009396,0.750099,74.77963,237.862,192.7592,5.6448,0,2.021849,3.6456,249.0611,184,5.49,0.27,2.198944,5.04
"2026-04-01 14:30:00",166573,"NAN",0,0,30.78,38.33,38.33,1.679047,4.618104,7.488957,1016.948,1016.717,591.3,3.193,1147,0,11.85,8.7,6.605,"NAN","213IN-SITU AT200 201000",52.254,6.738007,13362.33,20519.68,12.01521,13.33779,1.009391,0.749499,74.81031,222.4331,344.8918,5.1744,0,1.455518,1.5876,239.5056,336,5.68,0.17,1.649778,1.08
"2026-04-01 14:45:00",166574,"NAN",0,0,30.47,38.47,38.47,1.704798,4.635183,7.533297,1016.703,1016.551,561.2,3.031,1091,0,11.9,8.71,6.608,"NAN","213IN-SITU AT200 201000",52.24986,6.740791,13363.73,20520.15,12.01565,13.33809,1.009395,0.748815,74.77867,180.0816,335.5815,3.9788,0,1.547747,1.3328,232.8333,337,4.06,0.16,1.657167,1.09
"2026-04-01 15:00:00",166575,"NAN",0,0,30.71,40.72,40.72,1.762747,4.413228,7.444549,1016.621,1016.42,560.8,3.028,1078,0,11.95,8.73,6.613,"NAN","213IN-SITU AT200 201000",52.30075,6.743591,13368.93,20526.45,12.0198,13.34219,1.009393,0.749705,74.78382,144.9927,180.3778,4.802,0,1.422524,4.802,162.8722,171,5.7,0.21,1.609333,3.98
"2026-04-01 15:15:00",166576,"NAN",0,0,28.02,49.37,49.37,1.733263,3.36623,6.648675,1016.621,1016.411,442.1,2.387,859,0,12.04,8.74,6.599,"NAN","213IN-SITU AT200 201000",52.22147,6.745987,13367.76,20523.22,12.01787,13.34009,1.009393,0.749398,74.77698,150.6603,174.4288,6.3504,0.8624,3.33396,2.058,146.7,186,6.74,1.15,3.403666,2.64
"2026-04-01 15:30:00",166577,"NAN",0,0,25.96,54.21,54.21,1.777196,2.925643,6.388762,1016.54,1016.449,195.8,1.057,401.7,0,12.17,8.77,6.584,"NAN","213IN-SITU AT200 201000",52.23334,6.74897,13365.28,20517.6,12.01448,13.33644,1.00939,0.748744,74.79003,153.7217,160.3788,4.3904,0.4508,2.452178,3.3124,149.0722,154,4.96,0.89,2.582111,3.15
"2026-04-01 15:45:00",166578,"NAN",0,0,25.14,57.48,57.48,1.740849,2.588764,6.087796,1016.54,1016.563,175.3,0.947,364.9,0,12.24,8.79,6.576,"NAN","213IN-SITU AT200 201000",52.15251,6.751862,13365.36,20516,12.01361,13.3354,1.009388,0.748744,74.79528,161.9557,167.561,4.1552,0.6272,2.134658,1.9796,157.7167,168,4.89,0.67,2.287,3.34
"2026-04-01 16:00:00",166579,"NAN",0,0,23.92,60.68,60.68,1.753253,2.323495,5.908864,1016.376,1016.625,113.8,0.615,246.8,0,12.28,8.8,6.574,"NAN","213IN-SITU AT200 201000",52.22161,6.754456,13368.06,20518.58,12.01539,13.33708,1.009389,0.748356,74.78655,160.098,191.0665,3.9592,0.3724,1.836847,2.9204,156.1444,179,4.43,0.23,1.936444,3.66
"2026-04-01 16:15:00",166580,"NAN",0,0,23.09,64.49,64.49,1.773557,2.031384,5.721004,1016.376,1016.623,40.69,0.22,91.9,0,12.32,8.81,6.568,"NAN","213IN-SITU AT200 201000",52.13279,6.757347,13361.55,20506.85,12.0081,13.32945,1.009389,0.748176,74.77289,159.0595,167.4884,3.332,0,1.43374,1.3916,155.3445,134,3.67,0.36,1.542333,0.46
"2026-04-01 16:30:00",166581,"NAN",0,0,22.24,68.31,68.31,1.810615,1.768323,5.580863,1017.085,1016.861,6.591,0.036,15.84,0,12.36,8.82,6.574,"NAN","213IN-SITU AT200 201000",52.14588,6.760132,13369.37,20517.17,12.01479,13.33616,1.009385,0.748568,74.79856,109.3441,37.46279,2.1756,0,0.8525999,1.1956,110.4667,34,2.5,0.12,0.9622777,1.13
"2026-04-01 16:45:00",166582,"NAN",0.11,0.279,19.88,100,100,2.10241,4.98759E-05,4.701005,1017.194,1017.661,18.22,0.098,39.25,0,12.41,8.84,6.572,"NAN","213IN-SITU AT200 201000",54.32945,6.762733,13366.77,20511.62,12.0114,13.33255,1.009384,0.775579,74.79847,153.1382,150.2702,2.2736,0.4116,1.390729,0.98,147.6667,147,2.42,0.42,1.410111,0.79
"2026-04-01 17:00:00",166583,"NAN",0,0,17.96,100,100,2.049555,0,4.604235,1016.736,1017.172,56.68,0.306,119.9,0,12.46,8.87,6.582,"NAN","213IN-SITU AT200 201000",54.31687,6.765129,13368.58,20512.96,12.01238,13.33342,1.009382,0.781182,74.80725,163.7592,158.8421,3.9004,0.7644,1.60916,1.3524,159.6778,159,4.27,0.45,1.731111,1.29
"2026-04-01 17:15:00",166584,"NAN",0,0,18.04,100.1,100,2.059064,0,4.62182,1017.111,1017.095,61.48,0.332,126.2,0,12.47,8.89,6.605,"NAN","213IN-SITU AT200 201000",54.13546,6.768303,13367.81,20509.87,12.01059,13.33142,1.009384,0.779017,74.78619,190.9998,142.2141,2.1364,0,0.9329599,1.2936,184.4889,134,2.59,0.13,1.017667,0.67
"2026-04-01 17:30:00",166585,"NAN",0,0,18.18,99,99,2.070027,0.04545569,4.67908,1017.122,1017.154,39.98,0.216,80.3,0,12.48,8.89,6.609,"NAN","213IN-SITU AT200 201000",54.1415,6.771667,13367.26,20507,12.00895,13.32955,1.009384,0.777545,74.77651,162.3301,285.5712,2.548,0,1.153895,0.7056,158.9833,258,2.24,0.08,1.183833,0.61
"2026-04-01 17:45:00",166586,"NAN",0,0,18.12,100,100,2.050437,0,4.60587,1017.206,1017.309,16.47,0.089,33.28,0,12.5,8.91,6.618,"NAN","213IN-SITU AT200 201000",54.0218,6.774841,13371.59,20511.73,12.01212,13.33263,1.009384,0.776372,74.77453,206.7199,175.5767,1.6856,0,0.5111244,0.6272,201.1111,167,1.78,0.07,0.6689444,0.86
"2026-04-01 18:00:00",166587,"NAN",0,0,17.75,100,100,2.006866,0,4.52427,1017.615,1017.564,5.692,0.031,11.99,0,12.53,8.93,6.625,"NAN","213IN-SITU AT200 201000",53.93589,6.778206,13365.07,20499.72,12.00468,13.32482,1.009384,0.77553,74.75715,238.5553,191.1315,1.2544,0,0.3360311,0.4704,227.2722,195,1.33,0.03,0.4923889,0.62
"2026-04-01 18:15:00",166588,"NAN",0,0,17.42,100,100,2.006866,0,4.52427,1018.923,1017.763,1.061,0.006,2.343,0,12.53,8.92,6.606,"NAN","213IN-SITU AT200 201000",53.91788,6.781487,13367.31,20501.18,12.00578,13.32577,1.009379,0.774566,74.7901,199.8946,0.09676319,2.6068,0,0.6103222,1.3132,199.7333,35,2.76,0.07,0.7541667,0.48
"2026-04-01 18:30:00",166589,"NAN",0.05,0.127,17.71,99.1,99.1,2.048724,0.04346139,4.638459,1018.106,1018.459,0.003,0,0,0,12.54,8.94,6.607,"NAN","213IN-SITU AT200 201000",54.56138,6.785133,13373.31,20508.2,12.01042,13.33033,1.009378,0.781071,74.78691,176.9336,210.2422,2.744,0,1.039889,0.588,179.2056,205,3.01,0.17,1.243167,1.34
"2026-04-01 18:45:00",166590,"NAN",0.01,0.025,17.92,100,100,1.99825,0,4.507922,1018.106,1018.141,0,0,0,0,12.57,8.96,6.609,"NAN","213IN-SITU AT200 201000",54.54994,6.78878,13370.5,20501.69,12.00649,13.3261,1.009381,0.783227,74.75977,183.0054,342.6384,2.8224,0.0784,1.366338,1.5092,178.1389,337,3.42,0.2,1.416389,1.45
"2026-04-01 19:00:00",166591,"NAN",0,0,17.29,100,100,1.981113,0,4.475201,1017.697,1018.03,0,0,0,0,12.58,8.97,6.612,"NAN","213IN-SITU AT200 201000",54.47995,6.791954,13371.23,20500.91,12.00616,13.32559,1.009377,0.782249,74.77713,214.1345,87.88516,2.1364,0,1.032593,1.4112,210.5945,82,1.9,0.28,1.033111,1.01
"2026-04-01 19:15:00",166592,"NAN",0,0,17.09,100,100,1.930474,0,4.376825,1018.106,1017.754,0,0,0.013,0,12.6,8.99,6.616,"NAN","213IN-SITU AT200 201000",54.44955,6.795128,13368.44,20494.73,12.00241,13.32157,1.00938,0.781764,74.75284,119.8427,75.86234,2.1168,0,0.6681422,0.7252,114.4833,80,2.32,0.1,0.7599444,0.93
"2026-04-01 19:30:00",166593,"NAN",0,0,16.93,100,100,1.913849,0,4.343963,1017.942,1017.935,0,0,0.02,0,12.62,9.01,6.621,"NAN","213IN-SITU AT200 201000",54.3917,6.79879,13371.62,20497.4,12.0043,13.32331,1.009377,0.781257,74.76499,135.7895,134.1138,1.666,0,0.5707955,0.9408,137.7,131,2.1,0.05,0.6755555,1
"2026-04-01 19:45:00",166594,"NAN",0,0,16.86,99.5,99.5,1.929917,0.02020782,4.393243,1018.269,1018.084,0,0,0,0,12.64,9.03,6.627,"NAN","213IN-SITU AT200 201000",54.3299,6.802345,13373.37,20497.96,12.00483,13.32367,1.009379,0.779816,74.73806,158.9624,181.6729,1.4896,0,0.6098866,0.2548,155.3056,161,1.53,0.11,0.7142777,0.11
"2026-04-01 20:00:00",166595,"NAN",0,0,16.85,100,100,1.880974,0,4.278133,1018.923,1018.629,0,0,0,0,12.63,9.03,6.612,"NAN","213IN-SITU AT200 201000",54.29864,6.805992,13371.94,20493.57,12.00224,13.32082,1.009376,0.779874,74.75477,189.0707,150.7087,1.1564,0,0.29792,0.5684,176.9333,147,1.35,0.04,0.5016667,0.55
"2026-04-01 20:15:00",166596,"NAN",0,0,16.23,100,100,1.824635,0,4.16259,1018.923,1018.988,0,0,0,0,12.63,9.05,6.612,"NAN","213IN-SITU AT200 201000",54.26932,6.80983,13374.08,20494.55,12.00307,13.32146,1.009372,0.778518,74.77252,172.8445,129.953,1.568,0,0.6574711,0,168.5667,121,1.75,0.2,0.8291667,0.48
"2026-04-01 20:30:00",166597,"NAN",0,0,15.83,100,100,1.758218,0,4.021701,1018.76,1018.854,0,0,0,0,12.65,9.07,6.616,"NAN","213IN-SITU AT200 201000",54.20603,6.813202,13376.8,20496.69,12.0046,13.32285,1.009376,0.779125,74.73876,138.5689,143.4998,1.1956,0,0.5976911,0.4116,133.9055,148,1.4,0.3,0.8221666,0.58
"2026-04-01 20:45:00",166598,"NAN",0,0,15.51,100,100,1.754401,0,4.013444,1018.762,1018.796,0,0,0,0,12.66,9.08,6.618,"NAN","213IN-SITU AT200 201000",54.20621,6.816475,13373.92,20490.31,12.00073,13.3187,1.009375,0.778298,74.73048,140.3783,152.4268,1.8228,0,0.758411,0.5488,136.4667,173,1.82,0.19,0.9301666,0.76
"2026-04-01 21:00:00",166599,"NAN",0,0,15.5,100,100,1.754536,0,4.013736,1018.691,1018.601,0,0,0,0,12.66,9.1,6.62,"NAN","213IN-SITU AT200 201000",54.19583,6.82032,13370.91,20483.39,11.99654,13.31421,1.009376,0.777798,74.72096,141.3344,239.0595,1.0388,0,0.1483067,0.49,169.8944,239,1.27,0.03,0.41,0.64
"2026-04-01 21:15:00",166600,"NAN",0,0,15.45,100,100,1.743292,0,3.989307,1018.792,1018.527,0,0,0,0,12.67,9.12,6.624,"NAN","213IN-SITU AT200 201000",54.16774,6.823959,13373.18,20484.7,11.99756,13.31505,1.009374,0.777407,74.72769,269.7909,56.31972,0.9995999,0,0.2092844,0.1372,231.7944,43,1.11,0.07,0.4833889,0.47
"2026-04-01 21:30:00",166601,"NAN",0,0,15.14,100,100,1.731877,0,3.964344,1018.792,1018.747,0,0,0.039,0,12.68,9.15,6.637,"NAN","213IN-SITU AT200 201000",54.17362,6.827042,13373.98,20484.07,11.99732,13.31464,1.009372,0.777631,74.7283,138.1321,193.1998,0.882,0,0.2443467,0.2352,148.1222,200,1.1,0.06,0.5154445,0.45
"2026-04-01 21:45:00",166602,"NAN",0,0,15.25,100,100,1.732098,0,3.964828,1018.811,1018.749,0,0,0.007,0,12.68,9.17,6.647,"NAN","213IN-SITU AT200 201000",54.11924,6.830597,13374.61,20482.91,11.99677,13.31389,1.009372,0.777495,74.72629,107.3736,53.12821,0.5096,0,0.07796444,0,108.7889,178,0.78,0.01,0.3941111,0.45
"2026-04-01 22:00:00",166603,"NAN",0,0,15.14,100,100,1.717052,0,3.931678,1018.817,1018.693,0,0,0.007,0,12.67,9.19,6.649,"NAN","213IN-SITU AT200 201000",54.10988,6.834435,13382.11,20492.09,12.00279,13.31986,1.009368,0.777128,74.74613,145.1748,155.0317,1.1368,0,0.3254689,0,149.4055,207,1.38,0.08,0.6263333,0.08
"2026-04-01 22:15:00",166604,"NAN",0,0,15.34,100,100,1.778216,0,4.064675,1019.961,1019.459,0,0,0,0,12.66,9.2,6.644,"NAN","213IN-SITU AT200 201000",54.12387,6.837799,13376.23,20481.07,11.99598,13.31269,1.009369,0.77721,74.72903,267.8754,12.96767,3.136,0,1.575622,0.4508,302.2833,24,3.34,0.02,1.689778,0.56
"2026-04-01 22:30:00",166605,"NAN",0,0,16.11,97.6,97.6,1.827856,0.103525,4.262706,1019.945,1019.775,0,0,0.007,0,12.64,9.21,6.642,"NAN","213IN-SITU AT200 201000",54.11006,6.84079,13380.53,20485.86,11.99918,13.31581,1.00937,0.776719,74.70905,157.6508,125.5357,2.1756,0,1.107944,1.1956,151.1889,120,2.39,0.2,1.231389,1.33
"2026-04-01 22:45:00",166606,"NAN",0,0,16.16,100,100,1.785825,0,4.080901,1019.947,1019.921,0,0,0.013,0,12.64,9.22,6.634,"NAN","213IN-SITU AT200 201000",54.07814,6.844536,13375.4,20475.78,11.99298,13.30925,1.00937,0.776273,74.70664,146.0141,193.7115,1.4112,0,0.3343978,0,140.75,162,1.43,0.12,0.6006111,0.58
"2026-04-01 23:00:00",166607,"NAN",0,0,15.98,100,100,1.80908,0,4.13006,1019.926,1019.844,0,0,0,0,12.63,9.24,6.635,"NAN","213IN-SITU AT200 201000",54.05098,6.847984,13375.26,20473.5,11.99172,13.30777,1.00937,0.775981,74.69613,141.2609,131.7969,1.7052,0.0196,1.012122,0.6272,135.4389,126,2.05,0.63,1.115444,1.41
"2026-04-01 23:15:00",166608,"NAN",0,0,15.95,100,100,1.824986,0,4.163322,1019.769,1019.778,0,0,0.013,0,12.63,9.26,6.635,"NAN","213IN-SITU AT200 201000",54.02675,6.851639,13379.82,20478.28,11.99494,13.31088,1.009368,0.775926,74.69702,121.4528,106.3243,1.9012,0,0.7310799,1.176,120.1111,89,2.12,0.12,0.8954999,1.03
"2026-04-01 23:30:00",166609,"NAN",0,0,16.15,99.2,99.2,1.81858,0.03314121,4.180204,1019.864,1019.867,0,0,0.007,0,12.63,9.28,6.646,"NAN","213IN-SITU AT200 201000",54.01203,6.855186,13379.21,20475.23,11.99319,13.3089,1.009367,0.775926,74.69824,132.0336,42.43402,1.5484,0,0.6625888,0.4312,131.8111,60,2.05,0.1,0.8248333,0.48
"2026-04-01 23:45:00",166610,"NAN",0,0,15.98,99.3,99.3,1.804223,0.02997181,4.147402,1020.283,1020.046,0,0,0.092,0,12.61,9.29,6.643,"NAN","213IN-SITU AT200 201000",54.01552,6.85865,13381.88,20477.24,11.99465,13.31021,1.009369,0.775786,74.67527,153.6521,183.07,2.4696,0,0.8794955,0.3136,155.2833,89,2.4,0.05,1.0165,0.06
"2026-04-02 00:00:00",166611,"NAN",0,0,15.92,100,100,1.801336,0,4.11376,1020.1,1020.147,0,0,0.007,0,12.6,9.31,6.648,"NAN","213IN-SITU AT200 201000",54.00687,6.861526,13381.04,20474.24,11.99289,13.30825,1.009367,0.775786,74.68293,151.3774,127.8803,1.2348,0,0.4817244,0.6076,146.55,116,1.42,0.15,0.7175555,0.56
"2026-04-02 00:15:00",166612,"NAN",0,0,15.88,97.8,97.8,1.776801,0.09223393,4.147112,1020.599,1020.302,0,0,0,0,12.58,9.32,6.641,"NAN","213IN-SITU AT200 201000",54.03276,6.865761,13380.57,20470.98,11.99105,13.30614,1.009363,0.775239,74.70079,151.3404,131.6324,2.3128,0.2352,0.8782977,0.9604,144.9889,129,2.52,0.34,1.026889,1.07
"2026-04-02 00:30:00",166613,"NAN",0,0,15.87,100,100,1.777641,0,4.063448,1021.059,1020.724,0,0,0,0,12.58,9.33,6.645,"NAN","213IN-SITU AT200 201000",53.96168,6.868546,13384.57,20475.43,11.99401,13.30903,1.009361,0.775279,74.70903,201.4398,116.3598,1.1172,0,0.3019489,0.2156,194.6667,113,1.21,0.04,0.5683889,0.72
"2026-04-02 00:45:00",166614,"NAN",0,0,15.54,100,100,1.739394,0,3.980801,1021.075,1020.951,0,0,0.013,0,12.57,9.35,6.644,"NAN","213IN-SITU AT200 201000",53.97323,6.872765,13389.1,20479.84,11.99703,13.31189,1.009363,0.774566,74.68556,157.9418,160.9734,1.9404,0,0.4735577,0.294,152.6222,128,2.21,0.08,0.7611111,0.41
"2026-04-02 01:00:00",166615,"NAN",0,0,15.3,100,100,1.739394,0,3.980802,1021.238,1021.038,0,0,0,0,12.56,9.36,6.646,"NAN","213IN-SITU AT200 201000",53.95709,6.875938,13381.95,20467,11.98905,13.30355,1.009366,0.774989,74.64978,148.6636,189.6167,0.8428,0,0.1657289,0,158.45,252,1.2,0.06,0.4716666,0.61
"2026-04-02 01:15:00",166616,"NAN",0.01,0.025,15.31,100,100,1.724404,0,3.947912,1021.09,1021.218,0,0,0.007,0,12.55,9.38,6.65,"NAN","213IN-SITU AT200 201000",54.05085,6.879295,13392.2,20480.67,11.9979,13.31243,1.009363,0.775082,74.66831,210.7331,120.4313,1.2544,0,0.4472066,1.078,191.1333,121,1.47,0.03,0.7327222,1.21
"2026-04-02 01:30:00",166617,"NAN",0.01,0.025,15.2,100,100,1.724332,0,3.947754,1020.757,1020.783,0,0,0.033,0,12.55,9.4,6.654,"NAN","213IN-SITU AT200 201000",54.16616,6.883041,13385.38,20468,11.99005,13.3042,1.009361,0.777296,74.67504,178.3383,253.2946,1.9992,0,0.4033244,0.784,177.3222,249,2.5,0.04,0.7153333,0.94
"2026-04-02 01:45:00",166618,"NAN",0,0,15.09,100,100,1.694195,0,3.880754,1020.581,1020.655,0,0,0.007,0,12.54,9.42,6.656,"NAN","213IN-SITU AT200 201000",54.18249,6.886696,13384.37,20464.28,11.98789,13.30178,1.009359,0.777798,74.67797,234.5697,161.1903,0.9211999,0,0.2256178,0,223.6111,238,1.15,0.04,0.5273889,0.24
"2026-04-02 02:00:00",166619,"NAN",0,0,14.81,100.1,100,1.679703,0,3.84811,1020.611,1020.586,0,0,0,0,12.53,9.43,6.655,"NAN","213IN-SITU AT200 201000",54.20701,6.89006,13386.81,20466,11.98915,13.3029,1.009363,0.778065,74.64167,181.691,183.1426,1.1368,0,0.2718955,0.882,169.4722,177,1.53,0.04,0.5507222,1.11
"2026-04-02 02:15:00",166620,"NAN",0.01,0.025,14.6,100,100,1.636156,0,3.748293,1020.797,1020.699,0,0,0.013,0,12.52,9.44,6.655,"NAN","213IN-SITU AT200 201000",54.15513,6.893517,13389.83,20468.54,11.99095,13.30455,1.009364,0.77714,74.62873,119.8009,124.5522,1.1172,0,0.3688066,0.5096,117.7833,132,1.33,0.08,0.6767778,0.37
"2026-04-02 02:30:00",166621,"NAN",0,0,14.39,100,100,1.628932,0,3.731478,1020.959,1020.761,0,0,0.007,0,12.49,9.44,6.641,"NAN","213IN-SITU AT200 201000",54.26477,6.897347,13391.23,20468.4,11.99105,13.30446,1.009356,0.777706,74.67285,139.3879,142.8184,0.8428,0,0.2310622,0,182.2389,336,1.06,0.01,0.5057222,0.05
"2026-04-02 02:45:00",166622,"NAN",0,0,14.36,100,100,1.636076,0.0001161741,3.748225,1021.122,1020.924,0,0,0.007,0,12.49,9.46,6.649,"NAN","213IN-SITU AT200 201000",54.15527,6.900818,13389.63,20463.88,11.98837,13.30152,1.009357,0.778717,74.66002,140.467,165.1978,1.1956,0,0.2256178,0.2744,137.9889,158,1.51,0.03,0.5798889,0.54
"2026-04-02 03:00:00",166623,"NAN",0,0,14.29,100,100,1.62897,6.67268E-05,3.731633,1021.129,1021.109,0,0,0,0,12.46,9.47,6.641,"NAN","213IN-SITU AT200 201000",54.24188,6.904266,13391.88,20465.25,11.98942,13.30241,1.009357,0.777328,74.65067,92.40866,73.26091,1.6072,0,0.3745778,0.6076,84.49445,70,1.72,0.07,0.6487222,0.62
"2026-04-02 03:15:00",166624,"NAN",0,0,14.12,100,100,1.600429,0,3.664394,1021.126,1021.069,0,0,0,0,12.45,9.48,6.639,"NAN","213IN-SITU AT200 201000",54.11549,6.908394,13393.16,20464.75,11.98932,13.30209,1.009357,0.77725,74.64444,76.58903,149.884,2.8224,0.392,1.329315,0.8036,72.13889,144,2.9,0.4,1.432667,1.05
"2026-04-02 03:30:00",166625,"NAN",0,0,13.95,100,100,1.586437,0,3.631022,1021.3,1021.035,0,0,0,0,12.45,9.49,6.641,"NAN","213IN-SITU AT200 201000",54.13209,6.912033,13393.8,20463.55,11.98874,13.30131,1.009358,0.777473,74.62586,111.1094,222.7376,1.4504,0,0.5650244,0.3724,110.8333,214,1.9,0.05,0.7663333,0.46
"2026-04-02 03:45:00",166626,"NAN",0,0,14,100,100,1.600558,0,3.6647,1021.465,1021.263,0,0,0.033,0,12.44,9.51,6.645,"NAN","213IN-SITU AT200 201000",54.09768,6.915108,13389.69,20455.44,11.98376,13.29603,1.009354,0.776643,74.64812,115.8714,175.6066,1.666,0,0.3435444,0,122.0333,139,1.84,0.03,0.5865,0.14
"2026-04-02 04:00:00",166627,"NAN",0,0,14.08,100,100,1.614774,1.102181E-06,3.698305,1021.629,1021.436,0,0,0.053,0,12.43,9.52,6.652,"NAN","213IN-SITU AT200 201000",54.08935,6.919045,13396.26,20463.13,11.98884,13.30103,1.009358,0.77628,74.60828,164.0719,68.0361,0.7448,0,0.08428,0,151.9055,74,1.12,0,0.3203333,0.35
"2026-04-02 04:15:00",166628,"NAN",0,0,14.58,100,100,1.687523,0,3.865759,1021.629,1021.423,0,0,0.033,0,12.41,9.54,6.658,"NAN","213IN-SITU AT200 201000",54.10322,6.922981,13393.03,20455.84,11.98442,13.29629,1.009355,0.776526,74.62351,73.47054,61.45508,2.0188,0,0.7180132,1.5876,71.10555,52,2.2,0.17,0.9210555,1.46
"2026-04-02 04:30:00",166629,"NAN",0,0,14.78,100,100,1.672596,0,3.831998,1021.697,1021.489,0,0,0.007,0,12.4,9.55,6.661,"NAN","213IN-SITU AT200 201000",54.08044,6.926239,13401.48,20466.8,11.99154,13.30342,1.009354,0.776598,74.61788,66.81563,58.40504,2.94,0.6076,1.668722,2.2148,61.23889,60,2.98,0.6,1.764833,2.51
"2026-04-02 04:45:00",166630,"NAN",0,0,14.65,100,100,1.657923,0,3.798515,1022.105,1021.817,0,0,0.013,0,12.4,9.57,6.671,"NAN","213IN-SITU AT200 201000",54.04542,6.930855,13398.37,20459.3,11.98702,13.29855,1.009353,0.775829,74.61173,69.30679,84.58309,2.45,0.098,1.241224,1.2348,63.39444,78,2.6,0.61,1.389667,1.67
"2026-04-02 05:00:00",166631,"NAN",0,0,14.34,100,100,1.593143,0,3.647053,1022.25,1022.044,0,0,0,0,12.39,9.57,6.663,"NAN","213IN-SITU AT200 201000",54.27384,6.93441,13396.78,20454.75,11.98432,13.29559,1.00935,0.775893,74.62511,69.1707,25.95951,4.2924,0.294,1.834342,1.764,63.93333,19,4.62,0.48,1.9355,1.64
"2026-04-02 05:15:00",166632,"NAN",0,0,13.69,100,100,1.537587,0,3.51216,1022.575,1022.339,0,0,0,0,12.38,9.58,6.654,"NAN","213IN-SITU AT200 201000",54.1861,6.937859,13399.8,20457.3,11.98611,13.29724,1.009352,0.777833,74.60176,61.82336,49.23333,3.9592,0,1.74734,0.6468,56.08889,33,4,0.04,1.824444,1.05
"2026-04-02 05:30:00",166633,"NAN",0,0,13.17,100,100,1.483895,0,3.377075,1022.915,1022.604,0.023,0,0,0,12.37,9.58,6.643,"NAN","213IN-SITU AT200 201000",54.19469,6.941986,13398.55,20452.93,11.98356,13.2944,1.009352,0.77808,74.59498,69.17249,58.16214,3.234,0.4312,1.68952,2.2148,63.18889,41,3.56,0.56,1.843111,1.49
"2026-04-02 05:45:00",166634,"NAN",0,0,12.57,100,100,1.419118,0,3.207426,1023.588,1023.024,0.527,0.003,0.978,0,12.37,9.6,6.649,"NAN","213IN-SITU AT200 201000",54.24271,6.945923,13404.05,20458.99,11.9876,13.29834,1.009351,0.778508,74.59272,71.06278,91.50456,3.8612,0.7448,2.26086,2.254,67.04444,77,4.42,0.87,2.387278,2.35
"2026-04-02 06:00:00",166635,"NAN",0,0,12.1,100,100,1.40013,1.467388E-05,3.156241,1024.08,1023.656,1.662,0.009,3.683,0,12.38,9.62,6.657,"NAN","213IN-SITU AT200 201000",54.11965,6.949661,13407.91,20462.64,11.99011,13.30072,1.009352,0.777328,74.57904,71.0959,32.10651,3.8416,0.4116,1.796775,1.1368,67.43333,46,4.12,0.57,1.858555,0.77
"2026-04-02 06:15:00",166636,"NAN",0,0,11.82,100,100,1.372084,0,3.07931,1024.736,1024.236,3.761,0.02,9.01,0,12.36,9.61,6.645,"NAN","213IN-SITU AT200 201000",54.07646,6.953308,13398.1,20445.5,11.97943,13.28957,1.00935,0.77628,74.58522,68.09137,117.0307,4.7824,0.7448,2.121264,1.568,64.37222,106,4.83,0.69,2.166222,2.18
"2026-04-02 06:30:00",166637,"NAN",0,0,11.55,100,100,1.350596,8.998248E-07,3.019311,1024.9,1024.631,6.943,0.037,16.1,0,12.35,9.63,6.654,"NAN","213IN-SITU AT200 201000",54.01818,6.95742,13403.75,20451.66,11.98355,13.29358,1.009348,0.775467,74.58826,79.4616,44.37347,4.6256,0.6468,2.223402,1.4112,76.00555,90,4.75,0.76,2.313778,1.32
